000000510001000038900001602170008043490000080008000700000005000540070000006000000
300870000000000006060509001600002000083015467790000000100098000000000000000060003
600230000000809000300007090100000200090000600000000000206403000041570000005080000
023000008000004230000008500500060090000092000602005000260000070008000300300006020
000000040000400283000008000700500020080000054400000067009240700200970030006000002
000008007070000800000000050004800600000000070006007900501060000200000104600001005
000008205090070000030060000120700000000000000043090020000059000000600079064020531
026000800900000030000060097108000900600080020009000040000014000401200306500000000
000950070609000508054060300000000000000092007006380059000000020900030000500000001
907000030050900008000300090205000000000000000380000051000000200408000000021600800
020700003000010400001000000000040501002000004000000630000004005007005010250900000
805027000000050700701000009200000800074081006003706005107000000050003000000500000
700300900000000000040000308006010030400230096900050240300000000051000480000000000
000000008072680100060000040005006000090000061680090000000000900006900000900000080
690073058000800000800000060080000716005607900070000040000000000000060000000705000
200060140100300079000000030000040000000000000000003010340906000000000084800050060
000300000000000008000700009050008006200600075681200090810039700003000000700004003
040000000005600400028040106000000000009021004402000000060000000930016007000734000
804000000000048000000000806502030680000802005000064030430601000000000000600000000
060000127000002580400001906000900700200070000000204050000080065001003000000006040
000000908120080047000070520002000000000000200000000100431700000090000400050000700
000070000900603000000080000200700004000000072800106000000000000010308026036290000
007000000100300020500000300000500000020000003870900000009803000000702400750694001
700000006400060800060000034020000000000002000094710200006005020000007659500300100
000000070130007280287000000500100043090002000000300020000036000000000610000000000
060000000005020060000600007087091650004300000000800100450900000600000000000000009
720000004140090073600000890060000030007003240004000000000500100000000000081030007
000100000700602000010000000070000800840003795900050000005000004000064300000090000
070000000030050000400000009080090000005000104620040000260000000000078400040630005
901300000400700386070000010200000000000007002704601000000003800140800600020000000
000009800000070002000002900000830000009200100002004603000480000001003080000701090
049025008000046900063080000000800000014000200000000700600000004000632070000050020
901000030000010090006000200020104000700000010009300000000000040350800006600000850
009700060000000204060000010450697020300000000090500000000040007070865400100009000
100000002800502001090400050900000000030000000000000600000010705000675008700200090
000000000040036070013000806000610000104003500300209000400300000030000000071820900
000700060051000000309046200000090070000000900000000050007000000960070000030001784
790005000006000090001900000100300020070000030000040705500000060014000000083000200
004000010000069040010024600000000021107000004000005006800200900300000060256000000
000006000340200006609400000030000960700000000400608000050000001864003500903000000
800000704500000000004000000000000105280000000030000020000976001008002000609004070
004000000000000520006008000000053010003286000000001000021000900600000005000910300
000400000040050100002300000780000000409000000023000900000020010234600597000003000
650002700000070080000365400000100003200007508500000196006010000000709000000500000
002000000089006200000800000070400010400000000608020070960000000100000002020000065
300000500406030000070090300830001690000004000051003000060000000000000708048300000
000000000005600020000002048900000410150309000020010000080000007000730850070000000
000002000200950400000800000520000800947205030000400000070000560800006002100008070
080000004000000200040000030804060070060000040000038000600500010010006000050004080
000200580000000300200000010906000000080047200000589761000000000807000045600050030
306050700008400000107006209010800003000002000000504170020010000000000000960000000
120007000007200004090500700000000060000000080000809000040050096008000005005904000
203050706000000090006000000900600058020010300380900000860020000000000800000804900
090300000000000590017008060000070080000009270006082050700200600000000008000090720
600703002000000008000000006060000300030004020000002000019007060000000174746300000
018094300000000207000073000005300000300809500000000003000030000072000000603000000
000040800000050400000308000000070000000080040000210600918000064502060000000090008
400002100500000000001907006000706200000000050600000008000300060050620300300805002
004000000070000000000001000005006009601900000007048000729403000050009740010070030
000000001002000500000000003000020910417000000020304806000005000000000400009248007
000000000600800000800000020208000000405210000067304500340002000000090000000000209
201007090703060000005000000500009043000000080080620010000000300007030000000000851
600000000010004060070120004000000000000040020005000000001693002090080500302017000
000300040301000906980000200000000090006400800000850700200000009000012485090000000
007000036000005000600009004000094000408006059000000003082400005000500600100900308
000000000000506108040087023000054001000009000000300005000005010020000030000003080
000010006050903000400005000068300000003002000000100060000009045900406000000000090
000035000190600000040000006038006007020700000016000005000000000003407050601000000
000000009000270000740060000000500000000007000080006007005002006037080102006049305
000000400006400010903000200004007000000080607010000543038020060100003850400000000
000890000690070208000004000000005007000280000200700000900107000300058001500620000
025000080030000056000000070000402108000008720280900000060000200090000014050100007
900000010007609020608000000800007000000200560509800102000000050005000206000000000
503029060000706050002000094000000205040000900000300000080000000007960000300800000
807024090000000000000000040008743160100000050000019080001000002000802410000000900
070001030000358000300002080003000000200000000060010003406005710100004300050070060
400250003060000000200400000000600100000000040000024759000900015010730260050000007
000000020300400090402095000000009000000800000096700000003000001085100200600900000
907000002000000300000041098006000004001000000080310000000035080013000000054000000
000050060050000000006100005790002543000005002000401000800006091000000000460208050
590040070000207956200000080040000090900008420000100705000010060600000010001000000
030800000180000900007000800000050030000906710070230000000600000040095007009007140
000000000002000007000004005200906014005800000090703008000001042020390070000000000
002000008080060907000000024300000000065704000720500000040030690900000000000009000
900400300010570946400090005000001008080000400007000600000100000000000000001000003
100600008230041060060030001020007940400000003600094000380200000000000000000000630
000081000000300060009026431080000300300600000060003704000000000600030940020000000
020040000000008600901003008870000069000000000000000000600001800082600000100289000
050000400200000000000004000007000004029040801000000093000002670000009008060810042
030400700067002034904000620800006000070080050000000000000500900050000000000600000
007000000200000190500300600040050802001800000800000001002000009000070000064200705
060400007100000952200000000700000380010075600500000000002006009601080003000000500
010609000603000900000000000000701000000000069008040705070400000000008504000100090
237600008000000010010070000300000000050090001000003000520007160700001000000025000
200000600010000000300000001091000070000000010640000000400090100000400000008571403
000000000000300700030007098060000000059000400008924000607409081900800000580000000
000900000000008012050001600000700400005020000300600075007300000000005000009000064
500009006060008040040600070900000200000000039004003008206000300007000012001000604
756040081000300052400100090004008003000003000000090004080000900200000100009030040
020084000000000250060100009000000062150200080030000000600490020005000900000018000
000050100400106080000000000000070051050000432000030070030010060006500204024600000
920000000000200000004000000000020006000000170501003000400030010302910000160040000
400000003000000900000000000000007490340092006709500000000000008500001260010006500
000300000030004600000001003420003900500002000003900020689100000002000009000009000
000000000200000000503000004900106000001409000000000509050600280600000000100020037
700000000000000201000700604807360002016000900000000030600000700000257000500000100
460300702000506400830200000000000000090030000000402690006000900503600800000057000
009010000000360840000280910600000000002000060090070500000000008000000350050003090
948005000007002000060700900002070000000003000790000301000000124030000000000007003
000000007002109008000570200005300704000200903020000086060000000208000000000000000
006041000401300006000007010500000260020050070800010005000030107700000300008005000
200670009000012000000003000026000007475060008000000400000700002000090000049000000
080601000010003005004000000100300000000004000040500000850207094070810000300400700
005031020102000300690008070050090000008000400000050019060080030000000000000700090
006000040030840006085009100000000000090030060004000500900000000000000004302165080
000390708000600010000072000070000004000030001000049087800900070015000400000017060
300000400418020090200700000000078000090600103000000080000200005065017000000000070
801903024400057003060100000008004700600070000003200400000029000000006000000008300
000000600000000080603270000000920010450000000090080004060000800040000906000000420
300070000000000008008030700000040001000080000780000060896000005070060000000004806
000006005600800329000320080070000200000700000100002900036009000000000003800000000
703000004608000019000020080200500000059030400000900000907000000000000050000060070
003000010000034070050617080500102000300000000010070000007000000039001000060020100
018000500900000300000040008004003210200000085070500000000085724000430000000000803
000000002200095000000000054060020040500910000070500300800002000015600000027000008
030000007000030006056400000000000500090080000000000900602050039009760000307020015
002000008003060900000209750000405280030106005004000000000000040000004100401900800
000000000069010300000500000306020100200700500000001000000070000410800730000100002
000000007000850000000040000900380020206097800007060091008000503002000000005000000
000080030000400000003502000000100023000000970800000050358009200000008005020000300
000004030403000700067000005150040800679000300000010000006030000000050000390000060
100000000008000000600402100304201000000000001002060008001006000060120000057000010
040206008000040000000030609000002050005007030400001007008010000000009503009024001
400000005006005109000900400000609000000070010060058007009000046000000000010260038
100000009200300010694781020000000950027090004040000000000002000000000000400070001
019000000000600900600020003207013000100000000003700010000459000000000649040000050
000000000000009000000000060010495000540030090000006000304968700100300000000500030
000320000000400000000000000005000000041000709300890005600900040050286001009040076
500007000000060501090452007000000000000000005000501400600000000070340052204609000
470009000080020000900040010000062090300000008210000005000400080000001000002006070
500800400000001270000000000803000000000000004002300500041000852020000100030010006
080000900000000007497300058060039020000000000008010009000000005040000080006000004
000050300080020070040013086900002050004000002030000000000248000000005000000090000
009001600800000000067090000000080013030020070070000090000000000090002080000708900
000000072000000009900000000003009480000004260004000900090006008000408090800005010
080000000010000800000800470000070000000040008000063027009010000523704600060000284
000000000000000000538000600900003478003000000200000000800600014460900000300804026
000000032000000000501300600000805020000700000007000000049570000030000005765208300
005000200000000048010030059500000001006050000400008003060000005057093080000020006
001300020030060004090001300006000008020000000015000003260900000050100009000050002
000000040003609701201700000005007009027008030000000000000000060600300090000000010
093000048400009003005000090004000605000046000000008004060000000000000060809002001
900000500040790020700005400000000030431000000008400700300200000007350000000078040
000100000030200001080000000000309000000000000590000100000000658052846007816500090
000000021200063070000000000600050107809000050070000006000890000090020700020040005
027080000000000007000061008030600000004000580060007000006000102000000003470219800
000005100605100000040000000000760001007000050400501700000007830000006500000000010
000520078000007060027000000805100007000208004000000001900000000700000520000000006
008600500900310000000000000890700600720090000000030270100900400000000000000103000
000000005004000700120005000009003000000269140030001000000000000702030000000500308
730000080506847000000900070070000000000400050960000200000000003000004105050100060
010007000020013000070480050000004000560100000040005008058300000090000005000200080
032000000000060380000030000200006030000000800000520001000000000003005078910700060
001300800736000002000507103090000001000005079405070000009000000000003000100000000
070902000406000007000000000010028030000030800030090006009006000000000005003000601
600005001400910800010000000000080070009004060000000080000703010300000007740050029
003000270070601800000004600000409020000000060000210000081900000905003000000100000
000000000060800000050109023000060000000500000040917582900006000000000708000000400
900803000006000400000005001620000039805032000040000005000000000400000010000004060
050000080082000000000080005500100240100000060876030000009370000030500700005000401
000400000025100800007000001006900008230500000000000030000000900000070103010049680
408000090620000504000840010740105300000002000030074000000000130800003000005001000
600000000000450020000000910030900071800030000000000063000000200000000100108502634
002013800500700300000400000000640002106000008007000090000070000000004260034020080
000000050506000900200000038008040500000610000000037400405086300000500000000370080
300000000407062000051030004000000209070000000500306078240000000900100080000020000
008500006520607803300000740100004000050071009000000000000000007400700600003100900
000005008000004001057000004206500100700000000000000700000709450009450000520000000
070000000059200100000004030900000700200010050000000000000090301394002000020070490
002710006537000100100420039208000003000000800000000000409030000000000400800500390
030000070800007200009005000000100007000700000001000360000900601086254000097300000
000007200000006003765000000598000007630000002020003090000000000000009075050000000
807005000000010000000300020500030810100000002003180000000000280000002000900503000
908005340007000000040000009004000005000000000302000008000730060000100900000964500
000000090007000400030000008000370602070000000000500010300069200000407000060250040
000000089000004300406009000070200001640000020000008000000000015001690000009040867
046200070102000836000100040000760000000008400005020000000600750001009000000003000
006380900000000850000000047080503400000000108901000005000005000308000090000000031
500401820000600900400902000804000030150000000000000200901000008000000000000019050
006000900090000003000000080104580036000000000030000000000004020001098070007000169
000900000900000031030008000400000000000000900690100300010240000306009000009001003
000010004000000901084900005000050602065000098020000050000806000000000000908000000
000008000000005000200010006020800170000507809009301025040000007000900000000650004
400007000000069400000000007910023075000000000004000000090004300000030809000012004
000000000001070000062004009007420030080097010200360000010000080020006140000000050
050000074020007000000930002000003005009000007000070800000740206000000000040000058
200080100000000970050060000000000069000000000006407300000020000007000600082600590
000003020030000046000000007007040602001068003000000000000700050008251000000804000
900000000800429000420000090000500003000000057000000941000140802000800079080002000
021085000000003128000070000570000000000037009906000000000010000000002000002008701
000840306006170800000000000000391040000064003003000000607000000900010000000500000
008000016000000209000000000000053040040000062000004001005000378700132090000000104
000060090000000000000000000002400070004002801870600200030000510000050068000106020
007000940000970062309000000000607010010000490090000700800000009040000000001750004
070006800008520000600001007002000140013600000000002500831004705000009000000000000
060200018000010300010005000000700029000090007000000600000950060600007085500000290
001500007000800003300000001078002000000000300400000000500009730040000690030060100
437000009009000000000900000720000000800760000094000500000000003140000002268000105
001006000000000000060008005090005063050073000000400580600009000000107090000000601
040102000000030164000400800007250000000013200000004001050001048001000002000600000
070000000010000029000060001498000000025700000730000040057003900300006100000000030
000000008000000000000008040000000000806040000400360200080750000002080600005003814
031000000070010600020007000006921740800030000010000000060000870700100060090006000
006008070000020030009000500000000000500004800900083001007000000690007000080090700
090000000000009000030007901100000000300090087060000103600700800000064700007000605
001005000000024007025000490090000002000000008000000000000002004350806000008400600
008071000000000720000002804900200080003100070001300000300025000000700000186003000
410280000080000405900000000002000050000500070000030100700000306009000040601400000
000080130000000002038100000096300000000000061001060050000000700900070003007200000
000030080630000000070158600090320006000006000000405000000760590000000000000041000
005090401000000028000000050050000000000500180700630200020000600000000090008902000
408060000000000000021070004000307100080000700010000640100700000800000001030001907
800060041000000807000800900000000000206000083008200000040018200030040000900006030
024960070000030020003000000200600090000810700068009410070008000001000000032001000
060005002290000300004800000400009000000208700002060000003040897800700001000003000
908000700000009000000007403000005001150068009000070300009000004805200130000000950
510000000000050300002010095004002063601005004000100008460000000000704000009000000
000000420000002031000036005000200000200050300005400000000391050000580100500020000
000060000017092000409001006000000000000007004045000617090000000500000000130800000
208000000000100000004700205806000300401000009900001000003009006169003050040000000
000060020000800060700000500070400000000000207030008000820003600300000001000604800
800070050020080000397000008080000000709000800000090004000069000000050002070804000
000020500350400702070000600006800000080030000000150000400070300000000206000040107
007304001000010500008000030000000096000000700640000100090020007000009000700048600
000080020050000703000000000072800900000000000800012000025798060000061080300204007
000006000030020000900000000000000000350009074690100000069000000001002030273400090
040700000007090000820000790060010000001000340000480000090030582000004000100000430
100008604006000230000100050000000107000000809600070503007000000000810090900030000
000804056500176000480000000060000400000900502020000600050037000000000000070080065
000005720000900000000002000000010000000020003000006007439000170506000400100000630
040007000000090800000000700060730080702000035050010000900002006200000000504070000
000100500000000003000000800400310257000074000000002048000091604004000390900203000
160300097090560000000700000000000350019200000700000000400000080270030000908007003
000007300200064000008000600000600030802009060000000978000000501060070000080503020
082000000009400002004006800000500408007038020005794000061000200000900000050000000
602000700900050401000000020236000000010000300000003010860301902000000103000000000
070890000000005000005000000010003280000002004002000006006700409007000108000120060
010090000008100200000080106000000000070530460500000000180006000903000000200850010
500012000006040005007060020020000106000200007600000402001003000004000050000000070
500806429006700508002000000000090000000008200000000800000400002741000903000000000
009000300000000000200000050040000900000000507000150063005830670300004010684010009
090040600002008030700000800000004103000000700010000200040809501970000080005000020
000001000000000300045000607000000000420050008000702469203100006094003001000200003
017805300600001000000030008008007600001368000000000800005000400000002000029000000
000900400400010000000500000175000000008030000300754080000600029900000006050390840
060000000030060000054080090308000000000040000040000800100090230080200700400000005
000009082360000049008500000070000920210000600000090074037000000000700000000006800
000900080000002007000850000007309000000000004000000200075003020000090003231040859
500300000000000090000020000003007000040002000700004000036701005050200430002050109
006803000785100400200900000403000000000250000009000020070090300000027080000030000
060713500000060000000090700300000627200000800000600003000001060403000900091074000
580090030004008000000300000010504000008000010000900050700450000000000000840170903
006000000005000001000001000000060008024005090061009040940006000050094800000000030
100200090000080000090070080000520000010009005000000002000010950900040008401000000
000040000000000800830000000000000010320008050000052080006003008080000500002904600
000590070900007500005180030000003005800960010003840000059300000000000400030000000
059807000800000401000000090000080543140030080008000000000000068001900050700008000
030000010400020080000400090003200009700000638000603000007105000000090005000700001
300000000000000000400000000036000000100070000907238004701053600000900701080760003
200050069008000700000700400500837090002000006039000000070046001020000000004080000
000067009901000706060000000000720090000000070000603000000906042300074900000100850
000030000000040000000657003008702000000400000400000030820904050900500314001000028
000050073000200000309800000000090002980130000700000010600500000201000008830010400
000043000600008000040010002005000040000000000002004000560000020700000400308402905
400700000600900002001000003007852690006000300590000040800000000003019050000200100
007009000000230000020004600006300021004108900030902000000000000000820300003516000
200000000000760400600001000006008005700605800002090010900034000000006900060009000
105000000020500000000090210210709060000000000080000950701000000054001030000070540
004000750000040002800000010080010020000800009001000805918200000005000200000091000
000000000000037106000050300960005004040600020030000009000940050004086000090000000
000008040200000600000600051000009006070400805908000000000000070029000060147060000
501000000290000000800000300158204030000000000709000020900060000000040000000507090
030800020007500900200700418010000000002000001000000000000065000509080067001309000
000320000008000000790000008000200000060100000005400160900001306007600500600000000
004000300000320070000060000000001080075000000000457063100500020800040050000080030
090000105020064000007000080080437000009000050000925008000000000010700000000040003
600900007900305000005040900060000190000000000040000700490000070006703000800094000
600000051010000070000006002500800004030010000807000020102008500003000040006000000
709005003000000080015070000000000000501000000090507004000000460000708000960054800
400000000000100000750800003000925014004003060000000020048000000000008090597001000
900000603063080400000030000607400389000000000392000000031000000000000000000007930
000002006010000000605000010703000000040005003520300000006700431000000700007000000
700000030000030792000000800060000000901005420003149007000600000009000000400090300
006000020000001000400068000800092000001007248205000006000003900602000030000806070
016042870070000200209700050000000000005000706031000000000000184050000007000000060
000610090000005800020400000800300000050000700406050009032000000960000410000700000
006000700910020000500013006000040680070000920800070000000200150050000000000500003
003000000006070200002000038340096000000007300007050900720005600504001002000000007
000047006006008000070100040003000000007005100100000005400009602000020480000004090
002003008106070000040600000061705000000004100000000000009000060030000780000806000
000500090540000000009008000004051000000097010000003900105026000060000030030000000
000000000000400000107285040000090310900700065460000000000000020000046007356070400
000600000700030000803000000200000030070390000430000060000008005105000700980010000
000001007000098500080000064020000000004086310000070000690802000400000000000954000
140000000069010000000000100000700000301008070000100000000080562010000007080690000
900000014004001090100000500000023000001070000007000000000082005000090000080105700
070000090519000040200190070030001000000000300062000081050402006000000800000030010
470092000000016700309500006000040000600003000043000000900004061704000000008030900
060000301000007002005300070000840010000050000004700093006000900090000000543000000
082005090076002000409000000000007009017090000000054000000020900090000048000000000
001000000000365010000010000700430200003000054000006000002000061896004307300000040
000005386007000029016000400000000000102000000009400000000000090000507000425008003
000752900097600000000830060068900400070000090000000000000068000706000103000320000
000006000000280000000007000100020040500008000000300060080760000000800030045031006
070105390900000500400080000048200035000000420005041070080000200090000000000002006
000600000300805060004070150000900280050001600000026000000500031000008005030000420
090080000100000000640000000006935080904000003050000100000807300532610000000000005
000903100009000004048000090000130080000090000093000620000071000007000005004000002
100004070600000002057000000000000000580000000026083017005040000800560020000300050
071000500580000000600850001006000020907000000100009000010000400060401900050700000
000060200206700415910000000009042070040035800050007900020000000001000090000000020
900170400076000208003002000000010000000000000000007320034005100010700002008000000
000000007000010039030800000420090000563140000090260014000000000000000070002600000
070812000400090000690500000200001900000069003000000004900700000700008490003000000
000700500005000300031400208500900000003504080140080950008003000000000000000000002
000000052500472000000000000900036000030001900008000036300104007000000403000000000
000000060900000000600004893005000014002060008000800020006908000003000009700502680
000508000235000060804130000003200000548000000000000000000800009300000050010000006
003008000000609000000002803000876000840000000007000200090004600080507000000080000
000000008000900000000005701000500000060000000500000009009050803400082190086000500
003059400900040060200000590000000004780005000500090070002087000060000008000064300
024090000000040000398060000000480000030006090010000200650000930283000000700301000
050300000013020090600000080100740050000008006000500000700600008000074009400000000
050000000901500000000209005090007060007100080000890500100040600020005000000020000
000000009009260001007000020002001000000700102016400000000314070000000260000009300
120600000400380020500000000900710042050000700001000006060000010002000000000070000
010000040007000000006070000004000000000908050000000006703500408941000000060000702
008000000400005600659020000000000008000000502003508900006450000040083100001209000
050632004000007600600000000000004000106003200000000001090800000000040870068000000
030000079000000003000349000000000005000400390000003040090600218061200900000010030
000020040005000080600004000830500070901040030500000900000400200010000090700200310
000905071000104002040000300000320008020000700078000200000090100000016000010002000
306040000400000080080039006201607034000000050000400210005000000000000000820000300
000076000405000080079080400043007000000390014090014070320051000000700000000000000
070500000060000200000000000206000785300000140000000300000001502029003800030007060
000000000081320609000010008002000000000600090000000004100000400000080750530074900
000093000800000400001000006040010085002000000000200040060000000070020004910000870
600004050000710020070060910100006000405107002000000000900070000000003100000000040
060000045007003090000000670008000000000000080270000030090010800803090000650800000
290004070000007000010000020000050000040080000800010000002000000083076000501040700
000010007090270050510006000000000006000030000000060570730004020000050400800300000
000006720807000000239005000000210600080000000700000081002050000000709063604000000
030020000000309002000800359504700006060010000000000100001036500700900000000070400
000009104008000300001043009000000560000007001000000092000000900005100008000054020
000200547070000300000007000700060000040000920900400000810006453000380200500000600
000000000000000000090806005003600809006900500950100000067405090008060001300017000
003409000100006947000807000097301000600900005000600000000208700000000000000700000
000000162060050000000300805700003900000002506900004730000105000000000080600008050
000000000960450030000600900006000000095000360073060008000000000009200000014000006
200500000085000309400000068700946000000000000001320090000000030000000900070800056
000100090100005000000790000030000060006000401010000070050409037000300014000000900
300000000000000010200800000702903065080000000600207400000028000800400000004500000
000000005000000021418302007000100000003800006000000703050000070107009000000000030
015000000638000014000100000000002000002000000071003600000600005050007003000005900
000000396000070000000000000020000080000200905459010000001026008000001000000050017
300008000000045009002907000000000000240009076801050092000000060000004000610090050
080040002010902000002500000000000230020005000000008047200003000000000000730600800
010000080080406000090805017500001000900580060006000054341000000000002040000000070
690503001001000000000190500000000000000000002000020000020005910409200000036000008
002038075080001000105000030020000000901306000040000001039000000500000000000000300
017380059000020070000070000001003000000718000000059000006090000000032000000107000
040900800005270000890003500500800000000105200080600000000000005000000000608000012
800030000000009000000000030000000002000100650760092000600014000210807000007005000
003000020740090850500001600000500000900000000820010000009000700000000200005170090
801000000600200034920000000000090080000500020050060010500027000003000060000030000
000003010000960000680402000860000001000070000003198000000300000000807930300000002
000800070700000080000042030800000000500010040300008000600057490900000000010000300
000300000003000000002500370800000039000700120326819700050000000000070400004050200
400000090000307040293050008080700006000030804600020000300200000000000081540009000
090640003076000040000001000900810052000000000600200000001000485300400700000000009
803400000456071002000030000900058607000100000000000000500000070040503109000000054
000300000080000000000815200900400700470006503800000100104030000030050000050940000
000060000062003000300000050000004000700230800230008900026300000005001000000005700
700000000940100207000600004300400000090700000000008305100300900000000003030059400
000800000005172800100000500090607000000000009002018000000500002000300060003080000
000091060020000034090350000030000100000078000800000570043005087000000000000000010
001000030030790000090308004050020078000609040000800362000000000008000000000000006
001000000080367020070000900010003060090000105002700000000076800000098000640001000
001040098005000000400500000500004002020600000040001900004000006300069000870000010
000004500080935007050000040500000010000000600106050000000506000800040020000190000
400007030060000000000500000003000901070000205001000300004068012006020090802004050
453000209000082400000000000100070090500000860000035000200000106600000000300000020
020050040003070210051032086000047030034000000000000000075000192000009000000000004
200000605960520048000006000000400086800007050090000004000000000026000000000200000
000900007006000308080601000100000060002500000000046700008000000271050000690010000
003000000248000000960000003000001000027009060310000007000006008400000006080040050
000500000000802090090070685001005906003790000040000000000004163304000000000000000
001700000030000000780423000500000001600005804800000350000000000070830000000002700
007680013000000029000300700004060000010000090205000000040090008900108200000000900
700084026048020000000001830060000000000000200250100040080000670000000000900003480
850019000003007900090008301007902000000001000901006000005000000000000092000100060
250000009000050030600070050000904000000702000800000092000000007500000046000600003
120000008000007501000000300070900010609000000000000809500040000300052000200010007
008329004000006098000150003000000900047600000000014800605040070700800000020000000
060004003003000000102000050000000030000205698000000400009406000210000006000000009
003000000000350010000000020000007300030010080000000000009026040074000008068030002
000001002000250830200000400000003040900002000607000000000000006306000054500100000
700300001040000000000000060100002000900000058407050000002009014500004600600030085
000006080030502090600840030040000009076000000020065000060900000000008000900000000
000040000000000500510007008391080700607400000000071300000003900003060005000000870
003100000100000040000700000000801760000470000704000081085000000400067000306508000
000000000000000080000000150406080000000060040350490000000205300000008007203006800
608000000000176842002508000000000400060004000004000000000082310006901270000000500
004300001000000579760520008030010004090400000005008200000902000000000400070800000
000406000800010906060009020080503000900000685000000000004800009008000000003005004
060000000800010030020000000000691370000500094900240600400007002000009800290000100
009050000000000005000094000000080000053000000027500000400026500095070002000130094
050020090040980750000000800000008000260005000000300000180450900490830000000100080
900600400030000107002710030004590000705000010600100040520004000000001000000300000
000000000065400000000600000000030002053026000200700506030200001090000085000007000
040507000800310004700000801070000000300450002090070000000630000900100086000790000
002800410010000070000600020000000000109308000000097130030250040400000000950000802
040000106000410820100090000000800000000300000000004000504030207006020400200607900
050400000000007050000000003000510007075000006002704800460000580500000020003805001
009000600000670090006000000001000000300009160024000007005030009000002000460005000
080000000102938000000700000070004020090070053000019007430000205500040700900000000
604390050000000000039000700008000000760080015000000000000000001000000007840026009
400061008000540001650008000000080100006000845000000600000010000100000000000002003
803500000490003080070000000900400052020000000004080000000000020080014003000650000
000000070000900000070380650040001003002000700003000426000200000820000007015706040
000020000030040010608031942402000000000000001080090050826000100000004000040010000
069500700030900401400007060090000000500000200000050300305010000000700030020000007
016700850000150000005000900050600700900040060000500008190000000800060000060007080
000000006030000700600720309001000070000000000208670000000100000100060900500090208
056010700000000000000000009600100003310000027000300000790001000060000930003000100
700000000804000000300021780001300060093000100600100000900400800040000900050070040
000200000000003400029800030000300000000007000090000001600030000413700056075601003
000900300900000400000003009060000890000009600409000002000060004046001073700002000
006001070007200060520600000000005080100000004000000030000000026600040010000700008
000027000000045000005986420000004000009802700000700140000000000020008000800000000
500800004870100030000000090104900000200400000000030007001600583000000009000000001
008000060090040070000007005730001006009800000001000050020000690010008500806000000
000000000189052000000046000091000000000010920460205080000500710000000000700300060
640080350005370004080001602002000000008500000000020490000000006000000700061800000
000486000000920004804050000090000002732000000000070900000090000609010020210300000
005009800249080700007060002300000000501200000400000500004100670000500098000000030
034000806000005001018000300060048030000079004000200000000003002000000910006000000
079050000000369000000007091300080000080004000000170006108000070000900000000006820
065000000080504619000028000802000000000000502000052006000490000310000400900100003
000000001000000000000172008000017050100036492000000617004000000000201000700004100
009300001000040000000910000650000807000200653200000190008000000030860200500000008
030051000000000030500000040040100076951020080060004000103000807000003000000006014
049000037508702000300000200004006002000040000900070010005027000000000006030900051
507900210200000050400500006000000000053049020000000300801093502090000000005000000
040792000003040070000080000100930700000807030000000009050000007070000003010000060
008921005700030000090007000001000004000000000009070008020010400900000007030006500
000000007050000090000700000045009000000017000008500004020906000001208000063000009
000000305000000400400000600000000200004000800208309050000020700100000528000000943
708000000000080000509000807004750090200000000005006000900100080000904005050000006
003824061120060000050070008300000750009046000000010000000907200400000000000001800
008000200100003000025481003700065030000070000000800000000006000057300600000000952
000000000000070040000006000100050724470930006500000008900000513000500080000000402
000002000804600052902018000000020000005000601100870000007000000018300000009500010
000003400040007000000200900000501200002060000000000000800000612003126000020070509
000006900000000000000000004080092401910800700040001209030649000000000040008005000
000000006002801007170000020000200000208000003900700050001300045000000680890005000
000003700060018009030000000001096000000020600620040007950000000007000060000000270
000000200009048000461032700000000007003000060000760500080400006000000100102300000
000100005006000000900400006409000502687000000000000008000300000500004800003800050
000000050000000097450300000000900400900700206064002075006090021000000608008000009
087040000400600057209500300000007400000003000002400083970000000000794030004000000
090000000000400080003158000000014098100009050000500012000000000400030501001000006
207000000900000506614900000100060900000000401400000000000090000040006072001028090
000080050000100004000000000802010640030700000160000532070300080000800200003000000
200400000005000000400002600000800370000070061007100000002000000500007840700500100
003009000050012000006400000360000490040063020000000000000001700130087002000300000
900006800000010209000702605100200096000000000200060000536480000001007003000000000
000502009060000080900000000000000670650000098000006003085000000009050340006010000
000619070000000006260003050000000060052000000008000000001005090080000004026800500
800000000003987501000030006080506300006000098000090607010700000000000000000042005
030000890019700060570000310060070008005080000000000040090000400020000000000000001
400700000062000137701906002007000000000040900005073280004000050000090003000000000
000000009000000006890000000900300057500000090274000100000690080080000061602700003
570089000008000000006500002000760010830000047000038020601000200000000100000000006
080000050900010300000050800601040520500001000008000010000000037070080900009000248
000100000000000086000820000500000300410003020300002070004257610000300000000400000
700000005000305008000672900007000002412007000900800000009200800000003000200018000
000060000810700000002000000000000000080007900200403000900036050006294830300000000
200000000503009402000200000027100000000500000080306000000050806000000090600004003
950600100800500006000002098100806004090000010000301000010000080025960000030000000
600000005040000037000406981000004093000000004009000500000060008010002300007308100
000000127032000000007000080003050000040700030900030200001023000024000090006470000
120000500580000000000000706050601800001000004009003050293060100000100000000200060
000005000200007306086000940000000001014070000309800002072003800000060000000048100
410700000200059000000100004145380000003000000802647300060004001004000000001000000
607000190020095860000006300200000500000004070074002900000040002000000013002060000
009000010000905000000070900000000000104000005900654080000028000000706000000509060
010040300000000000000000070000080007000050830084970020090000100200160049000000000
002804000000010000090027000200400310000000080000100450000000098000050064000970000
000000005040600030300000400000070000276130000100080000920400000450910020000820000
060009103900600000000000009501000800000000004000005001040000000600010937030050000
059700400610050280400200006000000030000500000000800900008040000000000350070002040
300000000800000000000720409706000000000056300005310200600270918000809004900000000
470000050905000010000000000000000080000010000203700061050000000000801630310920000
005000207720000080400703000007040030250009000004005000000901060070030000009000002
000500000000000052080102060000058900010074003000001805900005004000389500000006000
090600000000000000000070000000018009905000004300000506004000000509034002600080473
950060010000900000104008006090100200000700000001000700000054000008000002005320000
000000000400008006023070800800010000030400500000007010900540007300000000500090004
807051000010003700060200000076000050000000000083010270000905000100300000000140000
005196040109000000380000000000002096000001005070000230000010600000004000007008050
002840000000300500008600001300000000000080320080000600000064803000530000000200000
079500306000000078000000000037051002000302700060070540000004807001030000000000060
000000270070000150000002600000005006500021000008900002000100390000200701000600000
050000098000403600160708405000900000070500000000020000007000040020040000940002000
040009007000005004000000006460300800000706001000000503000007048200000000000540700
000007000009036407007000082006005000003090000410760029004000000890001000000000000
907021300006000090000090607000002000000000050100040000070036000019754000060000401
000806000000000516000120000009000000030500020070030000003002000042000600600005300
059000000000102059200000008003000065020080900000000104900010000000007000000836290
002000030050000001009000000090010000705000100000600000008050903900000500001820600
000130078000000000000200000030000600017000080452980000000000007100020000003000105
000080030000090000000701000050000601600000000203060070020053000706802000300000100
000423500000000300800000004080007000017000000052000700070040250000700000000052801
900006000005003007000058000417000000009000000000400003578900000002500970094000000
000003000000200000000080164000000010120804539000030400600000000050048000830050000
000204000107000024902001000060000000800410007530600000200000000400100000006500000
008100052000600000400008006000000007000000040900047100000410000007800460841700000
009060410100000000800005000507002000048050032300690000006070000000000000000000047
000046000000009020000100630020000500059000300400050700000060000680900000900000070
000060000600450090003709500000000000000000070070800000000000060830002014700030800
001300020000000000000002000050001000060000000000008305006017002000904036040060071
080307006400960000096000200000000080009000010000090004000040103010000000000120058
000008002003000000200400109000000000000080200000000000000700580347050920508001000
000000005000001008000802900250600800000098000008000000800009417000000000320000600
000000000000504672009000100090050460304600200006000500900000000002700006030000000
002800000008009500049060030000400000000271000020650000001000090000007005405006020
500060002004000010000004605060400000043000060700630000050000109000000070002000000
050006007068000025020005064000000000700000000002000008070043201046010000000000006
009500860000010070000000000080000000500090000007820010801200093200140008000086001
542300007000720530000000000600850000000900000080000090000410965000000080004690000
000125400107040800400007000600090000040700009000000507006800050000060001000050900
004018000001000000800000005070560420000009510092000067309000200000000000000200000
501000700000827154200000006000000000030000000000902600800090000090700500000000090
000020800000635900000040300019000000640000759503000680000001003020304500000000000
000900000039875024004000000000100000200600070703000000000000000040301080080702036
000020405520000100006800200002506090050010600007030000000008000600090020000007850
004000070005100003200075190000091000000000000000000000800000000000710309379000410
958060002000000000007850039090000000000030000400926800000000000800005000060000040
000030002000016000000000300000400083004000000008000006009200001045060039000300004
000060000047900025000000160002080004000070080009004000000021600000000410200000700
000064108004000007000087000000306010008000063000000000000000500002570000000400780
000000050406000070030000104003000980010600037008930460005000000000090700000100000
503600000000000006800450201100200003000000040000900000001800000000062800008300000
000000000507003080803000000006509030020060000045300006000090000004006000200050000
000000050300000800102060090019000000000030000003006701000390070000708004730000000
000000500008012006000000800200009607000175003000006000000030000001900205006250070
907600000008031060000750000000000000000000000005109300000214935002000010000000020
102890003500000010000200000080400000000900058901008600604700000000004006000069020
904082100000000009801070000000000090709060300000930600100006730060000058400000000
000000010007001000123000705830000000510000087000050000006035000050910000001608000
000000006000908200100200590041000780907000000005720061600000000003000000000070100
000900700000001050000000049050740000009200180087000405010000000000003010093000000
000360005010000003003004006028000000090010007000000054000130060009006000136200000
803005002920000001050200000000070000500000900090006000300601000014052000000000000
007010000000500900000000803000285000000091200080647500000100000001050390000000004
600000000000900070000020000900010040040070100000005203000158032087032000000796000
009006034000700005530010000450002000210800000008100203000059000000008500080070000
009000000000010097010090200002100000940000060030029800270000000000054009400080000
000302100000091004000070809000000000000000000801720490190000040000000981004900000
670009000801006000300050086900000865000500002018000000000060000700000000036100000
000000071507831000000000208000000807080090400070020060200000900000980000000000000
000003080780100002005094300040008200007000003000002700070000000400000070090000530
000000000006108000892000106009462500004300000000050000900700001107000904000000070
400093100000004250000020900009007400007050000080000000000030014070045000040009700
500601093100923060603000004005008200000000030000006040000300002002000059800000000
000000000000000078080000900006009003008000710000200600002180090010096800000007165
014630000005000000600129000000000000000200000802900000070000020150300460020500003
903040000600000007001063900000000000020000000100004000270000098010907000030020070
056040180308009006000060090020006800835000020000000000000000050590000000480005000
007080356000009040000000070000020000030000000009078000070600000010040500040900701
700008301200001060010000080000020098001006000082010040007060000000800000005000004
000020081061700005000010000076009000400002700050000000800000000000001060003200008
004536100000000050000000000001750900003219000007000002000000031100040006009000000
094000002208004070000001040700480105000000080000000000003000020000108703006020000
004030080200000000001000709089000006020000000407850000000084000800070024040500810
000650000304001000006900002000000107030000806000000004000000600020060000008493005
000200003000030050000005700004060387000000000063001520000003061009006005001050000
032008005005000000470020009000000040004076030000000950000050000760810000509000000
008000070000010000000006051500860000800000000000170500080020000009708020030000007
080950000000004000003000040008310005500700100000040000020601000700000862040278000
000001004001000070050007060300800000582300000697005008800000030040000001070000095
000000000000020500000905001093750020000089030000000970007000010060000050009000040
003000006000050000001030000085000600300900071709000000200003000630501080000607300
030000007582000000006400000903040100060000000000901000008000000640308000300290680
010302089700018403000009000000000000001820070000000004050090030000605008040080900
003750000250008067710624000000000700000300080890017050080000000000000000000240000
000000210004006000090720306000087000000000000000602400203900040040070003000003000
000002030200003008000109000506930000000200000000000001002300004050817003030026000
000070540090038020000026080000010000029005600531007000000001402000000030670000000
000020107093701005000060300000900000000000030000000000030008001000000589020695003
000003020700000040000072000854026007000408000006030004230001008000000000000200530
006000050100000800925004010003400190000000040040000006000006039000000000300900000
700080000000005600006200000005060980000400056000090001007026000001950800000000100
000200600000980007080000400000000500805700200000000000900013000741860005300000004
030070041205801003000003000000000010000050062460000009000590000000000150004120000
000000000040000000692040030080000350070060008000004002000400970007050103030800000
720010900000009400000005030407000000002050000000070029300500000000040591000000070
020000000008003109053000002700039200300000010680000093090000000500000920030006005
000305000000006800084009010800901700950060140006800500000000080000600000090000006
600023157070080003000000000900004000005000080010369000000001002000040010100000700
000408000003020060094000002000004900000100603020000000000703090200009000300040000
900050000000802000270000008890000200120000000000097103000400315000080002010000090
000209005500800000900650000030000006600108000000060000000000000000980450805007000
000002008020001000700005003602094000009000000000070021000000030000507000250000700
300400001400000200901000000020004010040003807000000090000500600000040000214300000
007000040250006000000790000000600000080000760090000054016000000074060000000000036
000603000000010695000004080020000940000400000000071030009045020000000000000160800
000400200200000390008000000000105070090000102180000900004000000000000400009340810
000009000010603000000002000400031600000064000001097240000006000006720500000915400
000000020000038907908200410020703690000612000000509000000300000003870000006000000
300000009000200070002400800005700020600100000070062000280901040104000600000000102
000400050020600900010000302000019065030000000000004030040007510000000000708140000
008020600030007000900006307000405800004003000006000000080600903000002070009030000
000070000500001074407000010203000001000340027056000000008000003000000180300004000
000000856009020300000000049006001790001009400800000002030000020007300004000100003
801007200004000000000285000000700005000009716706000000005000084000070000009008020
000480036000300500804500000000801000180074000760000001010000300040000060009000000
904017003000000000700000800206400009000000014300500000100760400800900000002000007
000500004524000000000079000009806001000000600000300008000030006000715490000008010
000010000006350070000609000070005080000090000000800630000060593000900020907002160
060000104000820006081060000007090000953248000000050090000400700800070000000000508
800012600020000800470008000008120007300700000000604300040000760003000002000000000
000060902000000145590070080708040000000700000000000407905000013010000060000000000
000000300080000009090000002060030000500020063030040900000470000000380006000060001
835970000000010000001023000004000000000009403006000000000200300007000105003000006
030000700000003000000001803004006900012000086000018250060040300300100000000000000
080000000604000005020050604340060000000000760760028400000000006000000040400080000
806000000130000000245090000050000083320060104000030900000020000000080060502600009
000000307900380060004000080040000003709003801035800040070000000000000030000008010
100006007002700400003400060000030005000004020008600000600970040010000300004003072
000000000000040010395100002006015004034000000050800000007900040003080007900030500
400100000000074000000002600060000304700000902309080006090000807000009021600008000
805090002001006307007000000600075420070000006502000000029000004008060010006000000
024600000000100020000003090000000083009006000000950000000560000972030000006000200
068000000000000000705240160000000000500407080800902005000000010000070009000004750
070000023060070000000000000003007000700580006040006701006090130000000800000640900
000050040000000900000000050023018009080000010705000003000000000254900001107020800
000004008000300209400000006500000000200701060064030090005002070018000020040609000
020030000005000000087005103000680300000050090000002600000900000000028009010040000
000680100000000006806105200904020800250006000300000000600700050000009010103000000
740102860000070003000060010008000000070800000020000000009000100000400005350010608
800000000710800205020000000005000010040000000002030000250064001031000070006000502
340000621000000000150000394010000000085000040073040000000400000000005219500000000
000004103000000000300000200000030000024500309037000010090000037008300900100090020
178093405045180006000000010000060200060004000080000060020000001000040000910000000
008600000510870000000050890006003000000000003080002700000107000000208000000060210
000000000008700040000081060400020700000010004000000020000490000702130000390070450
000150008000000010009000004024000000350061000000004500000090100090500480000640925
014000000000710900000008750000000070072000060040090000450000000900000020128000000
000010700200067000571092003000000006000000000000600070160070000000900300000143060
890000007000070010071600004000740100042109000000000740000000600000026000006400020
057040060000560700300000005800074000000000000036000008000030500070000000040050090
090006020456000301000300406000009050000000600004005900000003000030000000000607000
000000200083000000020004070200800700300700500000460030002000010039040800510000023
000003000000000730700010000000400020090302105000096000400200310000847090008000004
004006000200000064006007105920000000160420003803000002000500840000600000000000630
093008000005900030002300000000000020054700060000000307001000000006000040870004510
700000004003840000000209000060000071100000400400000000204080900000700080006090002
008703500010000040000000930091000000000050000580000090075004000030000009009000003
000000703010000680300005040003000976960500810000000004000000060000000008005000007
006000102903260008000001009008005001070906304040700000800600000004000000009000010
009006082030000069020930000000000000100000000000307150800400090000800020000000800
000908470002300900004000100000006001470193200100000700507009000000000010000000090
104000090002006574500000030000000010900004286700005000000000800007000050001000000
200000000000000600000506010000800300080000100000000470845020961070008000010005780
092070000600514080008000000200100030000020001000000052020000005000750820000000007
700000003600000090354007000000000830000080000000052010002000346040070000060030002
078000000601200040004010000100008002000001000027000000516000004000000350080000000
004800090000009004000000000400080000073001840008090000000050060002970050060000000
000100954000830710000009038000013400000000309000000000000080246005000800600000000
070004205000000008090000001214003000000000000000100300007600903100749080500030000
005070941800000063009060070000050000000000000000700000002501000000007000147000020
060000503000001002000000010020000005000203000300070020002080160000000000009500340
071050004000200350000000069007100500465700000000000690080009000000001900000000000
007000095000000100090000030010085000000400002000001800700010060058000920000000750
890000600020061970700209000040010000000000000000008006080000502000070090150902000
700080060000900400040000001000008040000000000000090000300806070007209004406070000
060091005008000100720080000007009500090107000000000609000070000000400350000005061
000975000090000580000000030706800000000500370800140020000008000040000800000402063
700004000000000490004010600100090000000002000000001086000050000309086005070000010
430090000019070006068030900000000003000300000000610008300500400700000000000000060
000009000000060052000040600000090380960003040030004000201006000040000000806000000
000000010040000600000005008060090002098000400000000001210006507070000109004000000
907000020040910000200700000000000080005000000006205000600034702000501000080020000
000000200070300000008000000700800906960000000040006000009000601426000009017000000
000952060450006000000000050500700006640000000200500740000680000800000095005200600
000000000007000860000000000000700310843000009006593008004000000000420001032650080
703000000052030107006507003000000802000002040900870000000025708000000400040000020
000003000010600000500910300003000005100000000009031408030007000006000020000080907
050004100004000300600523400007002000020000600006000000400000000300000062000000084
009005108008040000000001000500000601000003809080059000070100000000002000800590000
500000070900200000008700000090400000286370050370005009003000020009800000800030000
000024080004068200000010000000200090000890070009030000502000001000000420000000056
800000000070010008000000004002703000008021030000000000350080009009036705100000840
000010000000034100900050380000006070030000000500090030000402010600070000070503000
000800000005400100000700002239000640007100008000030907700000000000047009100000000
000098003070002006020006000760900002000000900100000000017069000498000000002007000
000080075000060000000490003050020000030000050000000007405030000070000504000850701
600500200010006003000403050100000972003050000000207000007030100205000000091000500
003064070000801600004000508020300005008090000005000903040000001700000000000013000
040000600270496000009000000000060040406750000000000900030000000000010000904670200
002900364000080500007050001000700000000100000700000010170000000000307008004000170
080005000160000004200010000000040900000003700000080000000057000590000467000104092
060080000400060500000000300000008040000900800000074250000000030000010790901000082
840070090600000043739060800200100057000700000000000000000020000000010000007000009
000504006000080004004067000000090000000000050700050008000000763200008010070600009
000000000300200900200000180520000007060500000000020009000007000108300700700002008
000000008000005072002000004000730060900200001028009345000501000000000900009000800
001000800400103002002000000100007980900600200000000061000901506000000400000000100
850000400000010002000080900016000300000000001005000708500000097293000680000000000
014507090000906000000000030000052000090010000400800000001008070548000002000105000
020004380000000000007080000000100600906007001002000009000002090000008002201305000
000000000020000000000060920400609032000300470008000000091000000342900065000000000
450281000000006204200034001002600900030005000001000065000100000000000000300040700
000061004001000000040000001000200608025004709008000010007009000050000060903050080
026580040090000003000004010000000007009050200200000030742835000000000000600200300
001082000000070400000100700000040005000020040310000200500000007000200000490700002
009010040010000572080000160000500000020080400900200000630005000000007000004000900
000070080000098000000100060060000409040006050000001000700000040210060000000410600
670390000401560003930000010000100400040000000000708320050000000000000001060804500
624000090083047100000000800719834002000700000040000000000000000030060900100000000
007350000000002541002000000843075002000000000970000000008030000704819000030040000
000000309009350004030709560070000015050000000000500037006000000000000000540900080
004060200000230091250000000000301900500804000007500000100000040000000800009080012
000000000080007090139000078001050080090000007000401005000000000000700800050104000
100000964007000008000084700000000080924010000000000490000000050600009807800000000
600895000458000600000004830290000006000009008005000000040071003300500007002000000
000007328300002054000300000000000900080604035000070000050020003260000000800516000
604070080013005000850000000000000805748000002000064000001000000000608900200703000
300000600000304000000060200020703040000000020800000070010500703000402010000030000
000000620000000500010000003000000002000004800720600100900460000000017000107530000
000710043019000000300006000000408300270000400000000000026003000098000000400000086
008005040070000006060000070000000400800000500700500800000300705200006384300410009
000080000000005000090000038200040007800200050000093000900050001500000060060030005
001070006000061007080032004000518000000007400008020000000209000000006000042050000
000590000000100806080607000705903000000001057018700004000000000000000000920000000
070290016000000509000360470200706008080000060000040000000020900002000600000070020
000820000059060032032000000000310000000000000000000500300601080000900000100270306
003000100040000000061300209002400010050000000010060700500000081000800000100000090
082049005000060007000000238000000500570000800000600000600000000009080306030006001
000300050000080700000097000021408000008000140000000008003000060100000074000900200
000009008080500000000702000006000305050000070040000000004017006602800000007090002
040700000001904070708100900005000008000030100090001502000009700900507000000040000
048001300700030008632000000005040000000000930070000005000000700400050000009470080
000040000000010040980050020000005067010300200050800001000072005000580030000600072
001000060000600000260050004100508900050000000000000507000005400015080600000060000
530010000070000001000207000020003000390060000008002500040105800080000000000900000
000040700000010400000007000000020580407000601820106904000000000009005140002070060
080000000000004000900000006200019000030000060097000001010008600000000095000051024
007000004000008050000030100040200786000900000600007500200000300000005620700000900
030040000005000089900280000098100007300000021100000090609000000081000300003000000
000000200008039100069002000800000040000704301000000008080040000006207004000800000
407000000000060107001900003060000270090000006004000950900700800702000400000000000
000050904500894012000000070020000000000080007080000060102970006000100750800500000
000100090380000000000450000040000508500000019000300040000080002000020483000506070
500009003009000000006070980090000000000000360605084097008000000000046000001000709
000000004020000900001000006030000500080050700500000000060479000970000038000000407
600090000090516048000030600000000000000008530009060800026000000010605400000020107
010800200000900000000003908004091000001000004000604000060000400402006780000000020
406001000018006000709504610000810209000000000000003700000300020000400000903000000
350004706000000000017095284500030000400800000100600000000070500040000000000000000
030605740140000000000000000700000000000040000400380000050001092070000005098003000
130000000070008300000009080540081070006004000009000200400010060001060004002400000
027008000060900000030500000703009050090807000000600009076304000000000000000091000
900040200050000040068200000106000300000008000380704000090050000005000400730080000
000000039080000674500003000090000005001350800000040003436010000908000300000630000
700008000010002080050046000030620000000000430005000000601003070000060010090000000
000640090040000000006300000000030008030180400000006310800004030000000004004500001
607400000300000000000030500000804309080390012000010070900005000040070000500068007
007000309000590624429000000003020007200740000000000100700009040030050080040000000
000260040632000501900050020079000050008500000006020000000070000800600100090000004
180002090907010500000004208040000006209000000050401000000940000002000040000006000
006000070040069300030800000400000600120006000360000700000000057608040100000001000
000000004003709000870000000000000549000007006000090007917000300502000090400001705
000000010500200000100004500000080001000000200850000030720050004901000705000760020
009040630000620000600030001070900063000000004030000050390000500200000000517000306
002000004000805002000004005386509040095000800000000009400000000068000000507000000
674000003395000000080006007000900004800000000000005060000074000000090500003001470
070600900200009006000003050000300000000900000000460000406008005300000000809000607
001059600003084200000000080000003060004872009000000708050708040000000510000000000
000001009109000000480590310000000000000000400034000000308170000001000260500009000
042000000000090005590708200200009006008000000000002003100020000000000009309607410
500000000740385200306000000000000658000800071800000000000006000000003060035700109
603900105000100470021400096096010000000370620000000040000700000002040000000200000
905000000000300409300901000800249000000500000500000200003000004400100000000004030
200500690000000300000008000305000901001000000800001000600002000072005483080003062
000000613500007040000000790000000120000004500000000000030008000000506300800109006
300010605000600070500000008004070030000000004003400090200004000000001000009027400
000000000702000000009000830000500000000000200006030014000000008020000006381074905
006300010008000000700000080000008007000000000000761020870040059040000000003070008
000000010500080620018720005020000000069000050000000000400005000050308460000200000
000400000000900000050003040462097010003046000500000060000000509004009071025700000
600050400002000000004000069000067010000000000120300000236070000001643002049000006
003000009000008600008697050039074200000051000015000000000080000900003000000700001
050080070000300009000001000000000000000000830000800047900000300015030290300018060
000000300000009001000000500060040010700010600010030957000100765000083100000007038
700080090001200000490000000040000003900001000500060100014000006370002805608000900
008014053000805070005002000800001032006309008000000090007000000500180000001000700
000000000000000005050000000285000003000300078000098250008063000000020800394500000
003901207000000800100007300000008000000023900020009000000002604704005090206300000
002000190734100020000002530000600000000200000183000000000006400091000000060030050
000800207470000600820007000080070000000210060000000003010006952500080000000700030
080035000005001000701040000030000800000003600500006040050000000000000450060057900
300080000000700080948001700000500000005006000000003500410692070000000020070050900
050000010400000300020003900005439060000000000000005700007000006004000570062008000
070000000045010000180407060000000240001000006000000005004000000000195704000000001
000700000600000000805100000000000260068492701400007008300800002700000500080004300
300008050000500008007200600100007000040000003892043000628300000000006000970000500
000406001098070500000000007000000720000030600000600005000000000900040076040017900
001060000069004200500000000406000309030001600015003800000020180002005030000700000
000006000580000007000000001810090000000000095700013204000100306400000800007040000
857030100013900580000000020075000000006000000000070000000043000090800003130000002
000039200250006900000004000020000009008005100000802000001200490000900083900000000
005006000860390000040500008070040500000805000000609080000000806700000050006200043
000000000000763000000002003396000028000000057047001090400008000002004005000000000
040000900930000000000000040507300200604720081010809500060000000470050000000000000
000000009907023800008000300079000400002076080003900000700000020000504700400030000
000000000060572010300400800000017985000000000000040007003004008050700403000900001
400600000580000000603800070000401069042090007000572000057900000090000001000100000
600200009000500070800076030000000000000000310000001020004000000000140080050030260
000040700000006804500070009050000000060300000012000083800000005170000068000600401
007580000020000005000002000000005030500893407000704508000900874080000000000208000
060000010300059600008000000000000001540000000000006057005030000100500000430008060
040000025000604000000000040100900002039000008068000010003027900000300000000000100
000800207200407000710090000000000750902070000100000000809500000300000000070030500
009070080000050300060089400000030200002060100080700000000590001800017000000802000
000800000200000000008059043010900000020000004005006000000000080000300006402700350
000000600000900000060200073900012400040000209701300060005000000000005900000009050
900300570000200000635790800004008000050010900180040000000839240000000000000000005
080000090000040000000020070000400010048310020017000400005032000000000000403601509
070010009029000030000008270010000000000120490590000160000050000800000020000000900
000000000000004700006000081000070106002080004000400020428600000000049800169000037
000000000000075010000304700009800030004050080050900000000000005596000000002500004
209041056005000900000000083000000071060007000073002000006000000100000600800000000
005000020000003085002000000006000000008000000000037000500100006000050000471309850
000190003000205090009000002050000000600000040002400130043000000280000670060000020
009000005107840006528000704000007400000000050000050201040008000000000000050000090
020000000000600000560200000600700080400000017172009000000430000800000604000000700
500070069000200000000000200807000500123840076600030000000007604030000095000000000
000000008840000000000810200908000050027000080300080040000008930000030020003000000
008070006000003000006009170005000000000705000014000030060950002002030050000010000
570000000000058026000007000000010000000806002920300000000001900704063050000000000
000201000605000001000050003000400005000000342200035000000000500004002108000000700
000002500408090000005600800970010230100007000800200470000500000004970000000086000
000004800026005000000080000900003600007000000045200009000000005512300068090000010
600800075250000864000260001000000009070020010090000000000180650020030000000000020
400000000000040000002019084000450100150090000090030500040300096000004000009000040
010900000000000000000310000007000000040700100000000400002608500090020047003470602
078009002200000060000000470300900100900000700000000925009000204000000007007000031
090538400050007900008000030042006090000300040001000302000091200020000009000060000
080097000006120000307006000000000000008000000500001006670084102000000300000005008
070400080003000000400000700000008900090040070000000000027360804000000390530000207
000150700000400020730800900000008000400000000900500200200084009000000800000301400
000000000900040200000000103003000080000000010000901600000100020400082000000493851
030078002000950000000010040103600000000020400004030000207000800000004007001090060
602000000000005000000900307805349000900010000007002009000000913050001000000000205
000500400430000800750400000306070050000002100000000786000000008000200040000000020
902000050680020900740508062000000200100000300020000090000000009850060700000905000
001006000040005000750040000000700000000023109007601000030200080600000290002000500
407000059000800010090006000006200500020090000040510000010000000002760000009130804
000302400030070008005600000000800090000006000900700004507000600003200000040000200
006100050000000007090605000008000090030000020200000060500003000060000009901500003
000004002040020000002090000004000080001000700000017060508009000407000000013208000
009000265002003704000020800070006400000084000050000600200800030000030000100005000
023007051700800000901050007350000000200070000006200340007000000080100000000084010
000102506000637000010050800000000050100000000203006097001020700300000009700000300
046070081000410000050060200500000009080000000400000030804025000900180020600003000
000004010001060034080007000000108500000005203005200001040050000000040050050000040
768003004000008076000000008003900080080000301400000000000000460005609703000001002
305100000000090524400700000280000000604000000000070000000030050000540000008000409
007400000254000000603007008860005940000860030070000805420000000000000200006000000
000120000000006230000008006000000300896001000000004060000013700000800000000047003
038000005020004000004001083000003000203000800090860354000030001000500000000007039
007000036000020000120000700000000048004802901800047600000070005000005420000000063
008000000602000000003200400000000800004860507000040069000005023500603000007000005
300000070900080000042006089000000090600000800204000601000205000000008000020004000
020000000000008006708603000080060107460501090000030000000800030006000020000302004
000000035005000600000000028040000000000001009000006050072605000054009000006400002
305000109081203546026400003000001000007000005000000000000030000000000800000500000
000213670000000001100060829090070100000000900300809004003000200020004000000600000
000000000000001400003000510000015008800600053405000700300004080020900300500003100
000000000000100000690007800009406501105080400000000000003500286500073000008020007
000300090050000000090020000906000003008410026000000007800000000010030075067005000
000103000000002300000090060006425000000000000859300000500200800000069050002030009
000090007020000000000710000000900020070805010000130050300070000412000305060500190
000700154000050000007140000000006000070800002400007010040001060000000007709200000
003910780000000004100760000000000607900070802700006300476000008800000000000009001
900000800000002600006930000000000007000007051060325090000010000258060000010004000
063000007007300001900100300000000008000020503000000410200000030030200040090030000
900000000000004001700120000070002000000000100094030008310050000000013000000287000
710030800306008004500400000000700000200090050900000007000005000020060138000000000
002710000009003000031008000153000090700300000090070006060000000200000500010000009
600000500007050000400000070000005920002700001076092400000003005000260704700040000
000150000007000400000604030000021300100560200000093180801006000300000000060000000
003080070000020030900040205010000008730004006000006000000098007000000020080102000
403000008009080000080240603907020000000039081000050000000002800000000000000470000
024000000090300020000000010400870000709200400080000070000700000000000050071653000
900000000068000000300000600009700008603200000004310000830024000000500003040639000
000000000000047000000206008030000902000008604000009800000002000010030000004690387
000140000250700410000509000000300040504000801000000000000000090095001200000890000
000000000070490000280150000000546000000001000000000005600000500050070016002015007
000003007000000000562010000000000500000078000300150002087000130001000000004000068
420000300890600004106000000000060001000305008600200030000000000080096040900000000
002005438000000016000631005508000200000076090000500000000903000000400000005000349
340000000800400000002000460000500000000001000001030000003005871080103600100004002
108000300200000600000000200000000062000006003064000701000060800080020005020050006
000310700000050000130000000506000087008000000300000200020037050000920430083040002
009000000008270090074001005000000080400000000002000009850000000000000300321000706
000700000080010004000800700005600070003000040000000050204570600700480002000000407
200038001010000000000000000340670890005010067000800005000000730800020004504000000
900000000002000000400000010391002000040070000200500603103000009000093000050614030
370000000006250000014006000900003080000600003000100000502009608000000405007040002
000620000600500000001040070000002780004000000700006000000200000300050010089700500
150300004209007000600005010000010380000000000040002000000800650000200071000060000
928450163000000270300206090700300600060000000000000900000000000000000005001004830
000300069000050070000000000002000000600000000000020040960700014008001735300200000
000050032090000000038000509000000003000500008500034007003005084750080600000000090
000003701000060043384501900700000000900005600002100000000000000000008030010037405
050600000020790516000100004307006200000805000001000680005000000400081900008000000
400090500002000094050004002000001005000000000500400000600000080040080009738000000
000000000000009003000000008063200009410000680008006000002030000050602390000040506
000007406000000005004085000908500004070002000200000000000261000600704010000308700
005000010000900000907006008000790000142005070009000080001463007700000000008000640
010008000030000075840006300704030206080000000001000000400009050000000000309050700
020051000000006450306000000000000200000102000630590004200000040983000000100000008
000000720004879000000005000007600108208000000090708003400050000052000000006000000
005000070090300100000090000140072056008004010000069007026000005000007000704000600
000000000003041508250008006000070000800000000000026000000000810100089000908000050
000070054000043900300060120006050402500020000200001800003080540000000200000000006
000200009010700360007605000001070900002000000000420005000356200000000100030100580
009000000008500000004900800002009180000004500000006000020000000000645020705000010
700003005003500109056020080000040000400000900100600000000067400001304000000005200
045006008178005006000000400010607000086003040004000000000710620020000004400000000
003000100000730000000005347000000005000500032700000064000006000030800500020450680
000075000002006004000000000700803001000500000208000000020740000080200007400009800
905000820060100000000008050000300000003800002000000070730020005080004000000980000
000000007000207000002000000000010086056700400000400075000000063600004810703000000
680100000200000900590000006005000700900000100010040265108000040400800007006400000
800400007040006030590000460000040086005000000000307002000003070004020000080900600
000103000094000000000689000010000300040030005500060000200000010058310000000806070
200010500000000809680000047000000000009000050002000400950260300020100000310004900
000000409409300000600090000060000000000026000105970204002000090000009040004008300
004090328080100006006400000050800600000500080000000105000046000000002010000301000
060000000002000800500008030070000050030500000000406073000069200900100000086000340
500260003600000005900000000052008000097000000040500300230000000460010000700002501
050300007000000032000004005027009000006032900000000010000005809805200000002801040
000003006000000000301080040000004070000000034030007002400030000827040500900000000