700000004002060080160400030600524870000000261200006400391007000020000040800002009
070090100008035607000007053900340005802060000310070000006000008100080030009050000
520169000003200001197300200008600040000400000000705600052000014300904070080000000
028070654006020080000680279000000000000050007005030900000007500000000046000500000
000952060800006003204803090503007020000001000700000000000008671080090002032060009
250080403090100000030040100109030726060009005000004300006020000082060900500000000
300109000007020090000005031080960000070008009020500080600002040010000000840700100
003040008000900030000300000094063200008700000001000370800601003000475800075030600
023000461001000070800051002038010000000005000000079040002007004000042009790000000
000205080080000000917038000000000300103007920078009100706800091020000000050900247
002056980000008640000000100016400008000002300020000570000007009107009856000010002
790406150000930000000780002007004301000067045000010760000003200200000530050000074
009034000708651003000007001004000138580170002000008000000040020040780006000000074
000790200000350900000000571000000000600130000009040000050000410864500020030020085
300410090005020000004007500210004000000006100000871406009100050060000040002503960
009000600020100900008000040010000090470005830000000000087400100294000500601000000
003720000800401073000000290104000009006902000302000000008090050000200008901080000
609080070208000030041306000005400060000502000070000253006200040007090006000003000
300070500706040000200000060005007638000009070600310000860000000000034050000100000
060003004001008000002900700040200000000004910789605002028140000004030000010006408
000049080090800004048510960030600000000050720285190000300081002800005000000070040
090040001100009074205370609004002000000057002000000700400080025009000400008004067
401067000050000007290000001000086100000004050010000804000000768900000000003600049
000002006002000081080136700000780060090240005000900423000600004006408000400300090
900030000027000010000000000516298034000760008870000069000002000000583600403600020
007040000026007000080005007890020000001000020002030000000402080268193050000070000
905040000600000000000000900000600000753100002061074093006010300400800009089030260
600790040000302590310080000000053907007020004003047200400200750000009000000004000
092401300040700810030002600080003200010290400900600500200000030000000908109000000
007000560250403000000107403730000005000010002100790008070000000860209000010004076
060000091020970308000000026000600000000010089002708613910005070000090030200080060
008200050504000002000045000030700528000000014012030009000152800080000060000600000
200051074096840005100070008070000000060000010002080700007000350010000200020007000
010009000600500130020000068000000023270040500906050000402000000800000000065004200
010005000400010000000000000004036850000002000130080000000361400306004521001008600
000000210140820003652000000030081700090000000000040300000100038006453000023008000
700304500000060071300015900200100000000200694000030000004000059900580420050000103
008000100090006074500100008053400691604000050000600002007800000001050060025960000
000004500000500730500060000000206000064000005000805600000600000090400060430058100
900000000700028369000000000020000086800602405067000031006805000000003000190060070
000092078704000000300007100900500820000000007000906000070000010410060000205010400
016005004040072560000800001000000002000000008802000900003050010680200000004703200
900000765050000000010007090097250108160000009000009000080670001070040000030001500
000029351050700900200500678132000060400300180000006040010000000300000096000030010
042000000070005900050070003000310506500040002030050400001003000300091040900060000
005000869040009150000005040000500680003001005008790010100007000007002090024000001
007030214020100007003000005051020700002400000600000400005000100206980000000004800
400060000600000000392700080700300020009420000200000400001004539040085702020000004
900007008070000300800000090219004800000003060000000900001000506756301080000520000
050824690674030005092000000000000000720000006009000000016490000030700000500080903
000000480080200000710000092060000043000870605000000820020340060030509000049006030
005007040400600100100900000081000920050098030090000010010800700500000300040709000
000000040040500300062003000078010009900205070005000000000050004500497006090060003
000000000020500600000000005007400006600008000900650400001906007094000000068004950
002900000000326000100000800209100000730080000601030000000800000094763025007000040
001840690000900020000206400006100200000000000000000100093084016600500340000001080
900000457400000092237490100009000000000040820004250900010600000040000005000000000
000090070100040009090002300008600030010000050000201000021080090503009607080000200
086070000005012840009080003000800600510007000900000000000000000001030060000001357
010800300004000080003640100001980630600000000008360900000002800302000040005400003
030080000008502040600300005010006004060254000009000027001020906000040000086700030
400020000798100003020000000000000049000980500209001000000000001501600090080419070
000700042029030000000040000000067008040000006060000730007001000100009200050070061
000700000006000028031200500805600009023000800007000000009000080060000050042800093
400003592050820014200000803060000009070500048080000130025006070049000020600000000
050940200080071040000253067040000009007035026000000000060000000000500300570080092
010000030040326058050000200020000910970001000030040000490000501501400007063005040
000000007043001500000085016457600209001000040000054008000000003000000000000009701
410670008000029570002400600000048000003200007790001000006800450007000060080000000
000205000000904000802710060070106300000000000069350000080500030000001702300600000
020000060750096100610000420100035000000700308000000000040001009008000510000050604
000003060500060320430078951049031080000000003603082400000000009800000000004010030
000060000000040670900870102100500000009700501805001426000030005634200709000000000
025000608000200093000000005950410306030000000060073050780000062010040907000007000
900000700400091360053600000000003006649007020100200050000500080200100007076000504
000574003005000000300000000401050370003006910092003045006430000900007500800060000
005040800006003000100568000009630000000000058052000039340816000601007084000300000
004000500902804160000200040500307600020090030640001000006005300009000050350002000
000000010080000600002000809008000000069070000410009002124060500005000008000090146
090045002000780500070030040021000050054091003009500000000006397000053200060000010
050300001004007600301900050005070300070680005600000048130000000040030206020000134
910000000080000000000140300000709008000020700720000030205060480000002097008504000
009020031005806070400031800000180000070005000000000300040703500708004603300090100
062000700039004000000008031000040010300000002000060403000020008708010000694050000
000087000005614000000000056078056000010000604060000000700302008021000500080005062
000700000000000080000000107000304700700000030300500900009002401604180200070000863
500080420280045190900700800000000208071000000020090000000100009000009070800000510
509800000080423150100050608000000001010002000600900005050040090000390510900060000
000000400004008001000100602001000700507010293003000060008000500006900007710080000
002371000970000100403000000700500000320007006100906070806012050000000300091030700
040060000000854000000000002914006000008000007507982030020508100300009004000000603
000030050000070300001009000200701900900000004013024005004000600080207000000096002
008300009456900002000002005003050000209170850000000000002000500074000000030021040
900001000007084692005070000010000000006907000840000907008002405001003020372090080
050608970040705800080040200009000000010000000400081600000016700100070036090000108
001005800700008090009000000207504000000007306600000050000081020100092038300056009
000400000049300520000509403000200000900010082002800745020900050305100000000005007
074600802652108000013290650000009200500361000000000000000800904000002106000006000
005000970000060500007040326004006210720091468000000005000710002600000000250008007
005000900100400000070000030000001009010604053000000020700020006000056281620043000
000030000000005102000000000000509000209000300000823090620050000053290604000760520
600070958573000400900205000000010320000000004320000607190032000830500001007000030
720060950009007204053094006080940000000005400400008000070589000000026000040300800
028040009050000032790005400000930000040800500070150000230000000000000920000002008
700000090510030000090420070000500260003140009200000010900300002800207040020008930
670000000029071600100362090500010900000037580860200000008020000200000000346000109
080000725057010060300500080000000000003001250600005008006000002000640137200000800
032000800006980150009001300408000900900008240003059700095724000000095030000000000
000000000000000002000701580001809457002040800090507060170002348008070010043000700
087500030000080100050002740000208300509000000008050002700065003000031000000920000
000410000004000195030095060800300910000000000100009300000000609006000500950160800
005040806060083009000070200000008600026007080300000007001000008000000300200705001
008003602000000034300800070090080010480050069001006000019000000040009106000600090
000000000000007000100096008002080946610030000804060300023040000070000003006070004
000310080706058000000240000065720100007860590000090074008009000690000000301085000
100500200002084000780200400007000000006790050000000007013000004409800600200300900
090000201000090043083200600800000502050030004004520000000007008000380005000050407
400900000000300002106008530000652700700004000050000094060000300075000000031500020
609307508002054000050000203020000000400000800980240061304000080000000006010090320
040105008000000007076030005000080006560000080409700010020500090000800000931000854
000700400000000800050020079240000007000041008985002300026010004000004003000000050
090000000605910030080600700003070290020300000000020500007000050500800010000500400
000075004400000000100846000031000420690023000000010009200480070905000000800001000
900106300437000010000000007003007040000800000800605200008009060500001003002700090
040001009090000000008000010106000095000000080020030006900428050010006900600300720
004093200200604001000200300040000105000010060000006004080000600000309400000068002
607400020040000106029000080400000600000003700000700852200000310090000000010009207
900304800320080015700010003009000000070000004600400970080002340200800000490000001
000900600000000000100000789920010030000030204000620000000070002740000003600198007
300000806100089250658032010000070080000008000003100700500020048000000900000010000
010750000000920000700834000900000000000540000045009037090065000000000690000103000
009475683700000005000036000000080000654200807800000000400010060000000500060000070
802540009003000000090080200000670000709000060004100007000000701008207900007310000
167200000300000000204003090000150062018026000000048007070000000020000000001000200
300906000500020000046300092050000400000100000000405200034010050000000120080000304
005200004000700000372600000000000095009030000040900070090300006100090080407006500
000030500350000092046200000000000000700609401000000900470300000021900000003051209
020000035050600790100095080300000050700160042002540078000006000001200009000400020
805200000900015000107080402090000610318746000000000340000004080050000000009170506
908700006600050020027030000000410083000508092860000000046080000109370000000106900
085000006000070000067010304490851007000000001000400090001086540520000000006090000
900004300000050020027090058000380900000040205480000630000065090500820003090000000
010050900584010000002480305458060030060003200200000000000000003020000094000900000
030000900000000450005100000002001600080260003006400800200010000000942075519008060
467309005000005000010206900000903500000001097900007000046700000029030700700050109
207090000060000078000001200070600000010000080000087000020000600380072004005106009
100000000237800409008000700893000100050000000002091600705040000010920500000700016
006000000052094000073002000697200300000500600300060020009120000000000200500900071
500006010900000007021300400005000000000098000000060005810000000000805109359000200
350100000720600100010090000000009003030005907905400021203000000560040309100006080
307000060600300005008020000032009050000560000900040000015000083000806014000400000
080376100130800040700145000500001400000009000000000000307900000000067900952400008
560940070000000080208500190006010009007309040000600708790030000002000000300007460
040000519700095000050631000078000000400080007310700000090003246000960051000100000
300001060070000528200708000520000900019002030800900007000520000690000050000003090
000007000000800005000510008006000002001600004000200600000300100002089006603740029
800600005090008003000000009500000700008056010010072308003000001000090600002103587
000000000000000600720060018000000027174090003000005040000000200000000730402050196
460000008090400653080006000000000000934000000000089534710800265020105307000000900
001098040060070100700000830000001400900000600000860007093040078005080060820007004
700000000040100050020080090200005000014000820070200005030002009600000501000001402
000000320043502010000000400400000900009106034507000001004010073020840090978000040
300090000100000930297008000800500070650070000000000000900061000016000800000005460
000000100030600000201900563310000200500000800000008010007060408060050000000400009
750008400360000000120000800900067080501000020000000700090000300816000970007090000
060095000000700006000864030000007001000003040009000000005009000004030008032078100
040030602208796000007520001000000060000150704000008050400000030903460800700010400
000000649500400000006000002000000120024167005060009000058730964700694050000000000
000019304900000000000506098500000009000100003300607010091003000800002001453870960
000400100000050087020800509000007608090000000301028000005260070010000002000700050
050040079000968050009000601500000200000001796007600080940007030080004907005000000
010260000408900760630000508003000007900317000067040003300000400000000130500430000
080000000001020038500040000000070086005190400007000300100900020072000000000001063
060000910050300260812000000000060030000200690003790800005009000031007000986100000
090000206001000500000000090058400009040000002009680400914020050007000000002000030
000000080030000000520300700610005400002000050470080001250060090000010006103020045
000934500040800009050000340009000830000000004864000005080000002007160058401028600
400006780802000000000040020583000400904080065000490003040000050000010008300508640
000500700000030001005900000000002040003040000007050008984000630300485010250090074
004002970000009010010006000000980000002700000398024000905260037006007005807001060
009608000074100300100000600000000800060010000720000000000570400017403200000091000
300004000000002050800000060160200030000000014400008000030080001902070000500306080
084100002050040000070008500031096405200000000060320000000000000007000290000000074
070000000500901000024765009010079006057300092036000008000000485600080000080000000
800506070540000800379010060680000000000060090200008050700000630008600501160200000
910200060000970000300804901004003012000100680167000030000306000000009000000700390
800050600000060800026300001480000000000002006007019000039080062200005030000003010
960401000400700800700003100004207680002000035300000040000300078007004000140005000
000010002060028000052000800034180279800050000000407000000040020605700080700000000
100200000008070140402001000030190060000650000000003905000010003500700094700000250
106030020502470090000052008000000082008000900000900000064580001000007000051200000
007063002301400600408209000000300501005000807000507040200006080000030000803000900
750400009102000000000000200009005087508006920001000500807600002000730100090120400
000500940000968300903000080000400000002000700060080004500602400309840106004000805
090352748070100000300760005000000009400803500705000000000600200150000006006007050
008020000042050001000000000000080046001206900056000010000001004107060003000508090
000001004021480030340002000068200045070800603203600000000005406000000302000060000
001000000020005703070640908080004007000217000090000001700420100000000000210006070
006010000040700090000090204000471030000800400000030027400000901000087502070002080
620000830000000000800003000000000040509100000000300005080405300390072000046000592
700000001000900608000000054002005000005000096030740205190007860050000400007408010
400000005000304001002000007906800170300060000010200056201050740004000010000400569
080009004340002087005008090094530000008024019000090400000003008060270000950000700
500329600900000080010005002601008300070130050000000100040500000037040095000902400
024310000030070000081006040100800000090000032240030000007500309000900650059000028
095000064100760038000000007001073080000000010080000206008041000503980640420006000
040010008023060074060400205000000009000000000302000000000004716070800090030700080
600000080430020700080600024190050000700000200320147805000000000000000008007000042
000903060000000094000008200740000001000105007102000605050000070017582300900760000
000305082005020760000100000570000600020030050016009040201000900000000020090207010
900620000000007648000005900068000000000000001000870090852300000690250104040000005
003090006006580040000000100000260700000301820700000005000000402008400601004003087
680007000003000900907040000000000000208009076036070080002890700570000000090700630
060010000284500000000030006638050900900080000000600840319705000800300400400000000
000400000520007000000000600000000000703050100040003807000084750308070490004090000
004000106092080004001020090000000000100804060400900800000370000600091400010600500
000006008983040000070301090000600000000000000700020900807162009600008000094035806
306005007200000000807004000003007008000080640048259000501002000080400000000506019
500900002000050396000000070000174089080000060109600007000003020000000908400009650
000000008800000203000106004060005001215000060938070000580710936000009050000060040
000000060000000709000000020000791000050400800074000000693100402040009610802600050
700000659230570000100604023020000000000050002060240000010030290050100000000406000
000450600000000000000300508004038000268900300093000087020005704051000820000243000
726010000001000360005800900060000019000004000070000030200096000800500000610400005
910000200200000008300057040000000010030000650700005804601020000020000300000000107
000000000400050300120864050706030280032000400000642005000000003000305000000000000
023400000000082140018005032000000720000000000000000400090058370007010050200000810
000008370800036942309070000000000703000047008000029060000050010280000056071004000
004050003000384000003009000090000000000008402005100006000000030007403829000007001
000006000300500006000008500000010985009050600506900002008060057007093020130040000
000004000040075036000600100063900085090050600857030000000100067700020590000560002
730600150021000000000000000080500000000701006017080030000410080000003504003070201
800000000000850003030970006040000080006000000000010007060000502700600108100037090
100405680056708001000160200000080700000000000089002000400800127800509060003000000
109000000000600003206070000801000006000009042000060000020000080378020609010080000
705000800000078000080056709000802603400000000012047000103700400050600031000003000
001605390000012000706003001000200000002000000010000000095304100000007000008109502
700006304062105000000000060000050000007380425900002080000608002073294006100000040
008001000005062000000705100067100000040003008800024060380417090000200070700036800
000000000060400080500300200950000300020090047001500090010730004300006000700010003
240650030300010004000000010685030079009701050000000000000106205000423000000009300
100000900000400030000100700290004000030006010687021009970000040400600300300040091
800070300000000400030008100780000650000057000090000074050000001900000000610739540
006001090013000000042000601000000050080412009600000708200060907100950030390200006
000824050000390000000051000300208900000010302002000100790180604000409000641035000
006570000419023508500008003000000000204000610065000000000000080048030000050080030
000000010308100500000600000600000080090800000043020065059010420080009073430700000
000053000670000000500107000302001850000005000907830040000000792281040000090020018
000000095020050140000094630007030500506907010080000000091070003003000000200040000
300804100700000000005910000030008600560040080000600504070401000002305400000000201
004072600601040302000010470700004150000060004400000000000030000002190040100000090
004010000000070064207000000720030400640000010000006507000000029000052700002193650
600734000040000000907000400000800000030000080020051647265100000010000000790582160
600000073501030020000002000060900010009080040072100390000051702000204689000000100
030000500270100000000000009007040001000060300080207046004031705010000493000004000
000800000010350480800200079080600040900430010030000006090000801005020600070000004
962000000004000203380005000700526900000000000210000300800607004050000800030000700
000005176506080200090000584260000900030000002080002010610000450000003800000000000
950103600010090008008406900840900005000010307003000092090060000400000006000501409
007060109206000008000000007070010036300000810600034000700120060005800070020000001
002004000500709030000060004037025009000100070010000000006070040001850300300406020
000000300850901760000320900000000000000610005010409000740208000000000800500094627
005008001378005020000600508000001000004790000002430080090100070010020640000580009
720000000038609000000002806000020000000036020300000007900000205003205070005167000
402000070800007002000080000000010000670000000050800347546900000000002000100053900
614030078500400609000081300030140060090365002000007000000000091000800056050006000
300040001000030704020000003003014000700000038000780640285300000000060380600020500
327000004068031000000004000000003000000407536700065490870009000100308000000600801
530008900002030080009200300040800650906007000000300097307000502064000010005003040
004000900010090000092056001000240300007803000000507040000005600085000100000100250
000001000040006000780300400008030004003004809024000307000060038007000040000450090
030050000800047200910200005500300000060090000090012008125000000648000009079000006
002090031750680420300070000600450072000100500000000004000000000500000300100805007
000000000200008743730090008002007900000000327000002410000000872083001094007000000
000002050108000700000600001000900020804350009500020003002736000007009006000085090
010800000000000010900100000800065090090080406600000000002500030030900050509004001
900030000000470008000902000000620009204300006006000200067208041029006050040093000
020080600008200000006305080080000900064000001000409200800604009001093005009000000
000006902000080060005000837402000008300000000856003004003000501620057080500001020
900000500006002187000000000004700000703000000005203769050007026420000003009104000
000003000009700000780900000070009305005437800320000000407005000908004000000180000
830000500000000009090637080000000600000103025310005000020000100067090300000506972
000000030500300000903000500100940060602000908009608002216009050805007090000850000
004000600358004000102700504070100008010000040806570200080000000900000405001600000
306000050000500700007960001000030008820104367000008000000070000630200805085010040
000200047051008060600000020100300290000800030907100005500607900010030000000500000
000659000020000005950203400002060030600304500013090046000000000000000090005006070
200000800080510000567824900700050063030460000051000090090000006000680020000100004
009063080000480613300050040005604030000008001200007400007002000900805000000000000
802000000530000000196287000000300004304060002000000003000030049050400010420001308
600000008080000170950000264042010090105076000090020010004000001060000007310742000
070000080003000009900004002000000806600080000000070590080200000029841050000530020
000000040570300000000020790080000400000007200004010608000809000410000906896070020
690000070012680900003005816000030000000000000321000009070000100080050097000009620
903800006000703090000000000020901008700008065030405001090006520000000609600090000
000005000800030210006097308010300056009000804000004020260040000000160400000583060
019750023050000400060001000042000000005470360608503210030800000000900000900000005
840000200000000431723000900080050000000609810500400309000060092000200540900100086
060701000001020796000000300000103000100200030306000100009007000002000000670000041
000003000009000400357800900008009740000000000003007006030206580000008604080070000
000800040010540007900007506601090005500000203300000000030062050000000029002050000
200009060000000907004507000700000090000908070001020050009300000856071000012005046
670090420000000009038260000000028010102056900000007006010000000007030000004010500
000005300000000506596000000001040760070009032032008000305007000007000000009030070
000020789000000005000000000000000000041009870600781052000060000307500120924070008
000413070000000430430762000060000800000908706002056040000020000056000080000005103
240700030000240900070600420004305000000406000000910040090000003010004060000000004
000500000000308096000160200902803040063010002010200000090000007057901000800005000
006010040203000001000080000380020000010500320000091506500034072430007000060000000
000000000600013407000009000070000010315020000400007000560700200107502000203090570
000006900000490008910500264000700586000902000004600102046309800000070000500000000
009060287000004590250170000000000000006020740074900000701000000000001070080000000
000000300600318004023640000801000500004160007900000401080570600500030008000406000
600200070318760000000500100000000080000870000007100000500007000000310008040082900
023608001008000069000050020200701800800546000067080900390060105000000003000105000
000800004009000700728000300000000000870590002045000000280041009000609040500000003
100400000000006000009058007010200090050049000000000000061070040800964300040021900
700600084005000902400090000000000700000376000000915046000000060270000035300000200
900700000580000036003000700700000060029146005004500192430000000090387000600000301
624705301500008000098000700087509436050000010000040800003000000210000000060850003
200000980081070000030000000300001062000403000160000403005040200842530609090000040
005000620004002300060001508073019050098600000021000000000700000810000000007000000
600900008100002946500000007058200061010000000002407003070008000000006074000730810
308002000009400001047500290806750000293000010000230680500040000004000057700000004
000096000030200800017030000006025000020371500005804000090003140700000900500000000
080002030000000000400600000025980000004005700097000000010049070000016002000020510
200000000300200800068001000400000000000000034090416520000000070032840009900060005
020700600715802030308000007000000060037009000090400700000000000041007800000008000
000506019005089072040020800004007000000005000003000000000008037001074060080300000
008000000030040096060002080603008705900024003080500060340050100000080450000410600
400009000167200900080170023206700390700900400008500200001007009000000000000800002
000609000000800006050302000000000704010003802000500003200400009900080270000000431
000000000607508000403000000040000015300075000060024780590000200006400008038900407
000006020240087031060120000000000060000008097071390080020640000000000200050000040
000000070100000000400082000046090000000040005010820430734018500290400000085009103
034600020000000065000270400090000040001000903000904007240060501010000370500009000
062008000305400000708500000057000800049610200000000000500000001084701502030900700
000000060005001893000700000230040000916003204700020000000000400367010025040002000
008090400000020590000071006540000809030050074000908000000530900002000080003080740
004060007000520100000087000003000200070009300008000090006008000300045072000030050
000000000100000000347000009670004012230000700000000006086020050703001090004009000
025800067603000080180596000001600000002913000000000000000000006700069005816000090
800009000204000015076000080935000420080900000102300007710065000000000500000000000
000065000501800020007902430000681094000000001006004050674000018000046000000008906
607010080000003000429050010350068020000091000008000300083070000700080900500930760
700600005000258000805004000007060000003100000018040000000070200100000058432810090
030007000000090100109000003950743000000000020360000047200009700601580002093000015
000000000040790030000000750009005000000070002002401000503000017600103000010900360
000062701472900030106080000800000000000800000230000000090000470003149000000000100
050100003000030000634005007900400010000000080301020704093000006748000030000040000
000800206000000000406000803074026008600058007000300600190000405540090000060000001
400100080000600000060800093800000070507308600000000008100000050002080000685030029
203000100900007400087150063020006050170020000050000000002000006006070000000604000
000020076056000020030000008310000259500000000620030080105000034000000010070000600
000950840705000000408760030000090000000070480000040000380607510070500008004109703
000049560002006030600010000000203700060000800000000000540000000020000901700805046
000208030158900000002000400090000100000600007000000603083004075009030018021009000
007203980050800000000009050700000500000700008080002100000000060800410370000020010
000210730800000026004680105306000000000340007000020063059002601160000000000000009
000000400008954013354000079000800300005632040003000000000000098000097020000200030
000026010720000000001450000004790023000030057000001090900000000100348006000000200
008703290400000630009000407100208000064000002000070100700000028201000046000032010
000000020080000070603007900092056000030004060000300000009030080068402050000000007
069800000540600000020070450090007830058000000000960570000080000000500000000020080
000048000600100002000000375000069000000000736000074000078400603360010240020003090
060000090207000050000000100005800203100005089800920546084000300530200800010000000
709008206000002000300040000500004002000290005201600740032000000900000360000460020
000020100900340027040000063024080000639000250000003009001734000000000000090000000
705900008200845067008000920002006000000370002030000000000009000080001000510000290
000003000135004200409000370800200950600000024001009000000060000000001600060008015
000103050015000002480002300500000090000000000803000000000010003238900040150300000
700204050005007000000008090000700900008000573006000002850602039030000800004000000
010490070000007001702000490400020803000704002239080000920000000070600000306000019
002000000970001800004860050003400790450070003028030001200000000300000569860000000
000020000200700900450801072040000700980100000100000800801600000003200100560903080
010000850002704100400000700000070090000010420928043010200000000080590040507002900
501000034000009207007000000000405000400890000809320000024910500080050070900000340
000080000000905700070104030000000005000050070200430801000600503000310000000040180
005603980080502400300000000200000010000000002053000006000080007030005604000304000
000000001030006020004920006098761050000290003002000980001000008009102705050000009
027400600000000000050073002000020800000809357078000420002000080700914000306000900
070000002060100034204037000000410320003062900000000000700300010015040060030200050
004800020700400060010000040001090050000380002280000000002074010100000904500030000
210050060050000009900000000500600000308000006140800000030026007495000000060040050
006000001100546020050089000010030000002000000000417000090051000027608004001304970
040000006000601000000320000584002007096000480000004190050700030000230000000405610
006009250024000090500708006070812003000006000300490008000004000053000000000000100
000000000040060000007000003000300072058004000071000000000530960700948215009020000
700000510060000200100040068940003000002400003000600000007800456458006000600000000
702000001014003000000010090006008359000060000307000020043180005000005000005400006
007020186010000074000107000090070062070800090000000001006700520085002000004000637
400006080000000006060100305000501800000009250000600000580900000200000039070002010
000089600040600080000007210830000940004000053000000008001000500069050820003060490
010000005070000300903020000064003009000000000502790063030008000000930418840050000
000000400600800307000700620000000003400209086000006742060004800200000031503090004
600900040790040000403000060800057000304000609100093008240000000000030000000210800
023971860010000002940000001000060000000100080005080000400010508051048000080000003
003500720091267000000493010080002053130000000002015400000039001000100305000000000
603908000050002010040000650005030000001000402000040000100580000500004300000109006
000007040109000030400500010000000087084205100260091403000000804700050060030000000
800001003500040001104060007000400280280007130009020005603700090000000000410090500
504001000000054010001000504302405006040000300010000400680000040150840000020090600
908431605002000100000200307200006003080000400036540000003002009020000800000000000
600700000800001003190250007708000000000080400400000801060090750070500000004000000
897062000040800060000000007000000000903640502075000040050020034000080021028100050
900000000800300006002000080694005800000930007020064000007200000100070400280003000
020080056000300000080000472000000083508400007000200500100000000090700020275040030
000007003830000769000030518000800006000000200050100000047060000000045630503091800
000004070000070254000902831800000506000006907900800000050438012402000300000520000
000401070027090040010700290040000000900800000701059008000900360000002080000030000
007040000050010000041900300000800710500070003370091008005120600000000000000069501
200006009010009000000000027900000000700000000040750000569000271130507040080000000
000000000205007000000860002000329800006008000002006049003000067070003408020000593
000200307800003206000080451000004009000000000602100000026400010500390600104000000
000070305930000000007400001300047010009830004200100030006004702700050000000080603
380100000001800600000000140650008010000400009800017564043500000700000900000000431
000800006679000000800010750000000640000000010540300900020000000913000027000008439
050736080008100090016000050040000200020003009800254600004500000061907805000080000
