000904000400000007500760003000209078200600104080040052070810005045090706002000030
604000090010050006700002008502003860080260000006890000000000603859036020000001080
000000002030479016600012345003060058801003000560900200046087500008004070050000104
090000687070008431008000002700004009502000800906003100300840026000000910020000005
078000603000374050000006072900600100000000000000048905083029510040100289000085000
070956020000010560060802370200600705000000006090001030742009600000700100500463200
008070050712000008500812000800320000000167830090005010200048091050000086080651004
160203004000007006900060008001800005209140083840009002020005000506431027000000509
000000950198070006020000704951000238000300070470800060010000007789020503500000800
500020000020000009070045321700500008800002603390000002000010064017080230009056087
006057000140200708020168050010006070030005040500000030600020100870500604402600390
000000006450160708060005200200007400006030107007008009021000000530700000080300062
500000000070004009049120780400000150000000200005000374053200860200009503684053910
090000007001000000802073010264097058500000000030026701009800070000000080005032096
006207004900006200002504003400075100107000306508000007290060000000003029000829000
570900800000000072010008630700096100100400080045017206800009061001075400000000900
730000015900500307400300800009705604000264009045000023000003900360900500590602400
300001652500006007600720003201607005000008071700213400000009500165004020070062000
340090000000000200950000048020040300400010005000050020834076512290100000017004000
608020070701006940000400120300098050000200039004063010017600083406030701003000060
008502000302010000015000800503080702701000940400001308130020080809453000000160400
053000400704005080200000005008732050540000630900000000079080001305401009421079063
071000050458019000003000194040000500010420000009700020020941063030000005006570800
000406901506870020098002007000018603100000008789600000000090002000080046001000000
020367001506000348000040002900430806007020410040000900708003200000004009000080100
000800013360500080040070005652307100903600000004000306000000601127090500036700040
000048000000030809002065000208000103400800762000300005560000300801059070020003510
000000000320070010548000972050700001600100005981000400705800043804000709060940150
087020054004079000000008739530402070000036905000007003105090200093000040020060390
394810025006705380700903006007208600001300050003000900030080500400507060000030290
000600208060000004203000609401070820000201000000408196009500040100760902000040007
008700400906084050310009802740008010000500234000001000002000590489030006500090040
018360049003079100000200000030020054057003021100050030061040000000000607300006000
093058000700900053000047601300004000000186002008073000080030900400000005630820100
010650070400007003000300208609700001201900060735146000500200034000408005020500086
000154800094060105005080000120005400000300600056840021000030900070516300200400010
000900200970800010080060700008700350005000070690013000050400020000005037049021068
090000372500002080726003954309006410000030060860000200000000100903005000402600800
500090270000008100000000080030069001000745093000321600850100407200006018006000050
000030200084720000290640800139050060002106035000000020400810090000302416900000300
259000000370000000000100007000980200903054170700000695000000004000560710006700530
060108500000030070005790214007000006010080007080602100450009000073000050900050060
600000002509000000102300600061000920008600017093004586347006250005000060000045030
620048010704090600000002030040000000506400201072050304108070000057900006060514807
800520000009301074010470500000007600008603000046010008035700800061908720000100000
030100027020830000070900000680073000200590080000608170008010240094256000502700000
058040010000005849409028005100800003003190450200000087080030290000000000000200008
278500004501370000609020000060900000712000450900007000000005027803000106100060500
980000006000060001700005400073500200090026785050070160000093002030000610000700809
000500060000000000840900750060700140004000900571403080900805010050010097010060500
000950080000010600970060021003100460000070010000324950402608075000045000000001200
006800002204000500080400001000048005000000020040005309560034280300000406479000100
502109000001020000006045008200070000850200700004000802007002380005380014038000279
019008063000500100068192000800000006900605807601000300700006900490020000136000072
000570200400001000000960000019600050680015009050309000046890002093000810000050400
900068025500003607016070908050700002280500079000809000703000254000350106000900000
600037200470000001008016000000103000003700095040005063004621057020050000006370012
012000500900020138043000000001260400000100000725000010030780640004002900050000200
781400062000008000050000000020004083008100047400860001002000039010329400000000806
200008614075000300000000050051200740427900100000104000384000005060000400002000006
700540386026100950054090200000050030030000048067083019610000000080920100000610000
038074065004605830060238040000020308000007020100059000001786000850902000700003000
008130090400809002906024700009600000000002410184350020005000200600000000000705000
020019400000005000080000000072400015090100020000052060439001070061040002007060148
008050030090328170100000008450003010200400893300091000015000400040810520000009001
300024050900000000800960032090300240070200600080590000009002070600050004015080320
060378000047091008001240070000002680000860134000407090100000009000000003000003006
070806000019000004008004073700000142040000530083001706800000409024193800057080300
000060987740000360030800040102700030000206509460010000310605020004038700000402003
920730000080500206400600070000104000100007500000203010300070961000396025005000387
000007049000800621219306700160000000480710006000000000500030000037069402026400008
000000045049000670507000832000500003608049507075028190000700204000001000004600010
730048000005000470000050006050964027090000030020070509008490003102007605009500708
012006080700009400600020150509004072270000064403670500800090000030000000020450708
029010700000007000003008060300001052100965834000000607007009000030002000205076003
900000700038020500007904360401367000000000600683050000000093400000600003000871090
001500000000240908000063010900057004008020090470000362000002800052900700817600029
609002000080000020003806549307200000000050072090703004260000000400020000970030200
008009570430002190009000206006000000290370800081604000800007010010906080942080000
050400836004069052000003140040000900000000204001904003020700008403008000890000007
000850307003000285854730000090007400500000000048091730780000510000070000060000900
580000002740090100090850304000000000050060807027000009060010000400070980075080041
250000070600090524480002000037000408046000000812430006000000600105000900760050201
800051049059400000200398700000005100010000870400700000020100987690507021000982006
301090500956432170002005034010020065400006009000000080000000390500007000104000607
000700053000408006000013489400037000629000800100000500060000071010300608804106390
580900000000050082014070609000709238008010400000600510650200840009000020072005061
600209085004700200809060000263090078070000390905000000000807003002000000090000601
000670050008500014625130900000900000050860090900000000086093000000010009100205030
409080570530000108010000000276000300000600940104002057060203890000100000000970014
604000002007600409520974060801002000060010248003089000100000090006001573030807000
030070900910205003000030040700020050020008000508900207800007002300060784170304090
000806000675900082200000600300200109006009200027030008080000070000000806060082304
507000006002178050908460020000010000190000087005820940009001000001097000306200098
050001320300000009092007054000680500003100000405000960706810000500070000020056003
037000040000398700000045003750030000300000076008972054070019800000267005200053067
000090206063000908028003470084100069090300005105649800400001500059000300000430090
400100008000800000061900000942680000000203800100059002506700980309500000004098010
000109000900805000000604000060047000700000030000082760300001008050063174420050003
060798200071405960000201004680000401004600000002843006800056100030000002100020030
020000900000967000900500370083040205070800000009005007000053608002006000000298701
030087090849030200750040000403025080520490000008600020000002007005014006010059042
850000004000870005030250870421080300085430010000020548560007200000000050010560090
000000003000390000000417000810932000057080000000750836000200570000008364078500109
054000009002408000609000000400900000013670002005003000090136008500080067068540000
408000050000005108020000704850094300200300080900852006000000007042006030503071069
000050000507600000236080950005079120000006800609308405062007000473000000000002647
000000008000004702009000500090085001783000065050037040065948127010003086040001900
006708040000005000800010030901000480038000900000389215000173054040006091003900020
068230000000097006000006004100950008005000002000702009074320900251009003030000045
390100080604000000012000006109005000500203060260000107436000005000590600900086740
080957120200008003540260079830000200000001000002000407400000600310002908008300042
109000000086000710000803296000060009090105070860900001032500008940038007008000532
060300000290540030400000285349020008000000006006050190070000904002005010084007000
130700009000000105000089037590600308000005006008030750084570090927008010010002073
093010200400807900000020640607400000100500092030001800000700000084100003500000089
080000000000601004020800009002003040043050007070006913000060500090005400530087002
208094000734050100050020080503408000070005000402000075040680291100540300080010400
061040003500810070730006049000002314000000608000360000607000002310000067000675931
060378090000400570008205463801000000600004839023009000005080600000502900009047001
000040005538000640000600000000007000600230918982010000403002859800903004050000000
230400005510080000980056041001000000800004236740000508090003000075600000008000000
060000000071000892000000064050860209809342006002507400100250000340006528000704003
069072508100500000050490037600320004000600000000705010030067000900010780001004003
905070208040002097800000000490000023002063900030927410780004102201005000054000000
002001005317508000008600000060403897049056300000090000070000000003105006006300010
409050800050980763037000450010405000005000600040800900001068500000740000600001080
040000020010502000006030900002054010000210790000678002007100400090087250200000070
000050200982006305000020000846002700000400006090073000378005069009107000120000070
702940000000000200090000740000002036073060100406051897009500080007000000500008902
100800000000010985008050016765000002009000438000200007000902500300100000091064020
000010003014900000800042916500000000006009000003120000059683070701204600300571000
012700384800010070006083200080350609000007038005000040008940060000000001100630050
200000007871003000003007000026005084040670032005804006604700000510000468000400013
349000000500307090010009308001006700020031480950870600000005000460003502000204800
600003000082500093305800246000920000067340509840000020000402905003005000008030602
607510249025040000903000085000765804000030007051402006000290430010050008000008000
000000230300006400100400900050001000003050000081000570000003080802607005610280043
000060000000000005079000081048601007300570900067090000703045120000006850156000000
002063040070000300308004009600219400010000000000000000153086072249300650006002034
000687950056001800017945306000500107700000090500019060078050000000800713000370080
020000761000050030903106000208500103159000476030690000502860009300000800000030007
030470000806090400000006050002004965360000704450000003197000540600905070020040000
007003060100980030304760050009000007000074300700100020005630040400007290030400070
051060000006500000400009060700900000080106090009804001800000010005008720092710400
509024300210000860000185402000230006000000030600800000002408600100000004805009200
750020600000058004640001005010800030800005400405713020070030000009502107000180300
007000620200000803040006700754092000080005000000840050628750030300400100000630500
600230100104060050002700006706002004050300702000070080060000010080607025029050603
008040002600921078000000060200094000000000003000068295009003020827409006000000010
400000500000250004090708000240173000010025030700000240350064972028017400000090803
600400300031028640000605009806017020004006900500009008000070504385004290400050000
187000200000000608600100400214800507800000324000407800300000900400030700000206080
005100003100509460070003050000327081280015000000000000050030010801900000090760800
000920001010700080029800430080000547000000190901000623296000000400219006100684000
000800000473002900002005000207096000000007030106358740700509020060700003009080010
000000081100300056507001009006500008000002500050009603370410060021038090005900137
308007000000008000090050300579200486000480005800070000007001502985000001012000800
800700590435892160000000080080030600690284005003007000002000000000308050560070329
706530240230070000000016738000000302001600800082000106000000567600007981107000000
010604325090318076300075010900050804007903000040860003409000002000000007000000009
008001769010000058500000410000725006000000500005043002050070900000000100732010680
010006000004320100000400009050000310207015604940630070020107083008003240000200056
020050610008720000060180000006070483070030062800602005000000020609000304002000000
620070000050406002400152076000200000805094000140060000006547080200031600034000009
700268900600097800000130760007950000000600070206000000070020010001875203300010600
050060000060430000000001460780012540020000000146309728000500687008100254000800900
010006050400710092052409006008000020020000000034000689370004900001960234200100760
523900800008000003100000500000460005410790320800003700009004600000800009380009010
400729800000056039905000400009000008840193000000500000020000903003072000500030206
000514020340092000050000400070030005625070000003460097000000086014000030506800014
000008010970300458084000060006950000030600905000000602000013590502400000000080004
000000000001850930300000184624070800857090000093040007500480000006000048400060300
700310089301007420409080037030070060074635801005800000000063900590000070100700000
030600024000002600200900000000043700000517430000200518061300007400021369000090800
001000000000470351523800000008700435000008019300504080100900800000207096200000507
008009005037058106500760003700023004000006090200804507800005029090080051040902000
005601483001050090900007510192000007008000040064020050000000000029083075400000900
150030008002800051004000000000000000005600200400917000348002900260001040570493802
395000072607023400428069500070005360000090107000037000000000739030950000000078250
230000000605391002910045000793002008580007020000009731000000964000000010000006050
000014605000000000500007093097080450403602019080005030009000007000700040000029361
019700800052000340000402005235670000000159003061820000000240070100000008004080002
103000000782500000006800512000600200000028430234970061060000970000051000400000005
000016059003047106000009034631020400009000800080060310008600503700000900302090000
001900600694000027008004003060800100809103062000006500470500300500239070903000206
090760010000024080000008060000601000100207000000039105000000206650000000234180750
007000600503146800006000000000500000270000060601200080000420070712608004460007000
000005901759400080000360070090040100007000094400698700200080009001004600000030010
310040800809000000700930001407600100120000690090400000906000420030589010000200903
800930607030074000000802030378020491100040005005009200004003570000000008003001046
003000090874005200000300045680029013041000900200700004000002407052000100010857009
160090400070018006000007005800000000000800000030060040501304062000100050647900830
002005983000000010730000000300107002005039008017600030098004060000500000470820050
090408276608750010017000045039000080000003000002090004021030000060820000903601520
832600401005000003941370602080206000204705060600003500100000940000002000050401000
126005800405010020000062040000050700012070050600000000034090000700020364000007900
000000000040901000607030204000019000400503080006008019208106400000402900000087026
100032670030500000000014030000095100040301709801000000002008005000009800400750090
200317800640000021078000539000000000921500070005100002002040005590000010716020004
970002040008007163000064900009071030014003000253690017040000000890000020062009004
000000005070000609090406000760805000900002500050061003600030050847500200030084017
006793040401605090000040000000069004720010000060007200800500402040901500500002060
600040002490500060030068509800006050900000008000850496080000700000105624201600005
002090050000301084000040360203000070060017820000600005800004090007000000006289007
600000800000080000090630070003205190000003000000168054002006000040027006730001482
850007020000045000000806350000002008081409060030608000000001080028094005006003004
000738000070000310030000970000000602763042089200506001018900003400051006050000120
000000000709004500248300600000000000806009000090002708005920080031857002000640157
800000104004070080000841060021000005007156002003920000162480503008060000430017020
045086007600020004327000906408270090000400060002000000104000279009507608000010000
000400089480000370003008600040600700100087493000190205000052030000801026210069050
475890006006020007020000045000700830000039021900218004047000008530060400102000000
084006070007051020000000004000005000050060010006090030000600293000309540063042107
010870602000002904000000870070406000000027380050380000700010598300500006090704010
020000503005084270307002000000060407050000960400003005000009056030805092090600800
030801920820000601050206840280740005006008170503010000002067500900000010000180009
760000920409020051120900800000541008300008005804036000008000000901400000000050713
800450600050000930206107045000000000000730084570901063029500070000070006000000002
000500360947326500605000000100060005300205401050010086001800020408002000003601009
004059802000248970000710500267180000500300417000590006900000100050000008008030005
002300070079120000800507203008900040000702000023000005490030520600079004000415809
062580000750100009100600000000000006806410020007096800000900182200000005080200497
000957000500000089902084150000190000000000065205800000428000510000508246000430970
006002035030041896001096200097010328080000004005003019000000600060000900008009000
050016070026490001004000000400050006002009005005020000000608100300070042080040360
480206130000000020030010000140002690020005004003001208000703042002460700004000803
000510006021040080300760029200809060009620015840001700000030008063005004507090000
508000009160390005002806000390015080001000006807002050015008092009001460600009507
000400902348000000000370800004150009003049200980000003809000100007920500000785094
000040002007800060050030800065000320009702000801600000504008006073069080100200403
290000050300400706070090802000178300010046007060030005032751008000000000050004070
000200008920073050400090102031020070090760000704000026007548000040930001089610040
600000003024009070090050020008060000000400350401920706380170005000800030002040000
980050200000003000000000008091080700400600050520049080019060820830027000264018000
035008700004305001000460002610080300020100860050006120040810653090000270000720400
000000000360742150257080406000820060000090000840107300009608000000070600030010000
002050108019470206500000000000000305201090800704000902600207080005901700047000620
200010607060009000840000090080002375000100900096750420005000010400000009070921000
405080060000207001001630040046379000050400603017062000074000006000090020160000500
000215070020930100070000000000801457700059800004070016607003004415000090203000000
426000900050060070700000000104506000530109060067003001019040057040000006070000040
080430062000800000040002008007004010150090040490703200000007001210000070000600823
040807103000003002170020650000090040000040026450300000524930007800070905090081204
700090800800000000000003657060010500412050098005800000040000000697000200200041905
040300900008590000000416038260000003000720800080060000000001009070039050390005080
490586100060109004000700980043000610000201740007300820000000500004957060000000400
380051600001200700020360001198006075070000916500100000200008100009600508800002090
020871060608920000000000308200500000000146030000702000800000976506097000100468003
007800000000000008300519000050306071062400003003005094075008340000103050030207000
000800000095320080000005030000000027002430000609100503701000098580010000000768300
800000040070120300036700059029000001601000000700600090150943800408276500000800970
400070008287000000035802000003000401000086900070003000091200540052004700340050800
005008061620195800080000490090500007573900000008070049206800004307000000059000000
061000003000200000072003109080009004543768201006304500000470310030010900000000070
850000000107806004040905080000090430500403000730500800085039006471008200000000070
420900080000260400005400900000090010000051604140000030570829000090040200200037800
001000940400325001006000702900036200013490500060071094058700420000048005200009000
800030000052871000039405807016700009700140000094000081000014008160398070000000030
794105208020000007600032000000819006901076800000253700400000000002080070578694000
900006740040537090000000050007000000890003504000000008026971080059008407708004921
900470521507800000200350008056900000002004000079530010093040072700003080600087009
900018024480900715710600300800203001020070080000001002174500006008006000000000009
250349000000007000074080912020600300000000800500000000000701200602400150040052083
024890700008000600000302800003900080049028006080004900400009060002001490697003000
069000000340000000000700300004310870000504930130008200023607100650009083080000600
000000300000830056031000708000089000060240800003150060008000020500068034016302080
090002007700400000003507000010354000840976050005028704000003400304010860000005070
600000507072908001309600802005000020900100380080003009500080100000400000840700003
105280000700600001800310045000130500000000034037952100000091000004826009062570400
000000108000003000201984050000000000706091285500870300400000032000300000913008006
000905003000030017306000000009074238004308060020659041037500000080001000201403000
040700008805006070700000600480000032260004087307182940000000003908073000030400069
080000000004070098721048000503604109000250000006030500910060875400010060067002340
009000500100500620002400800605004100000008060408700000910060302700100986000030000
900070431000096278800240000000034060300000004004105080400080090060009000000053600
000090608840157309010600005004000070100009050000402103008010090700000830590700000
090040068000093050000000003030408020050200030007059000000507682083000005562080301
090061050403052007600070000000000900000100006000800040150200064040000382302000091
000000098700984360809015200070103054300000001910006000090008036452300070000400510
056010400027504006000760501600000900000601004408900000004300160000090247000100000
034007010000300090100020750840000020009274000302900000580006240471802000290040000
000006015080002700007000000702008090093061007806507000100004900974100008035000001
000000109256010800010082064001007640520060703060500000000900050000020070000100008
402807000007406001000000050030500000024713690000080000190070842000040700006000900
300080200015000700860320500000205040000093850950048000098002000000009070027456908
700000103103000245260030070806005734090073500000208600042800016610024000000000400
050901000090754000002060570070090631416300002530002000000006000004239080000000000
803000050700060409060000780100000805034000000908001307309000000007802590000000108
700030008000180007150000600000090000200507890890200056000070000972356000006928375
007050930000000000040307060000801070510030409702009000020470000074105302300002000
009000408016470539504803621160000000400928103000100007785006000000000710000040006
006820001200000800070314650600701000400005700027600405700000028010000569960052300
465300100001504068000001005000000013050620070000018250000700406003106502040895700
000800371000037090000001000035900000709008003206500000002000700003284100058700200
000007010000465829680100700805900107000000908100050030000046271006070090017009000
800003291090008007004001000000060870000037100700015020068050730000072980007006500
050000082920365170000208000090642008002580009000700005040020037800004000200057900
000094000090008610000010000000040108000100403140830907400070001703901540000000086
000001000001036504070040000130020059009173200702500000904007000200009000013052897
007800452900040607400200900049000068501968000600005070800302040010070806000600320
020710600000602100700040038008070060207064080030001000054006070000357000000009000
000360810006020040000007000965000302040005106000603004019700400000809001007000209
702010500000400026000806007000240005000007009340100702053700090000000250016500870
000020810030419020120050003060032000500000000091000000375004080810000004000000765
500000000700000010000604587820010405070050000035079208050720300302900050017503000
690008020400000098000090100000900300070003459938000200019050000000009530385200010
710549823000800000800630000600003000003000000000060002007005060052306709400007030
000207040093008060002000090010005080030000072000004916009010000076000000381706020
005094080680105000009260073400310050750029000900006700004002060010073000000001020
570089100000015700081000000718000090000040078046008005039100826000004500007203040
200006000037400050000309002000000007400030008000208064000000000718903600320145080
600823091090756000002090800400008009000430600000002000269300185000000200850060003
302000500048005003501230000605000090920070006010000305030000047056000000074000600
000000302000029050006003900063045009400000080710008400100062000508900030002350040
050003000040200570200756000470000035080934120000500040715000200004000019968170050
030000462000124973400300000600090050000705100079610800010000730000570000000801209
008600079030207006670409000000543000400008005000006084904001063103700000006090000
570061000208900040000000000000712004027098030001035000900000008853100070740856009
061090580000630709000700002803160905000000000097020034089503406370000001500000300
003004028018206300000318600057900006902030700100000080009580001000409000006002800
201907000600425070700308060300000000100809000592030004000074805000000410050080300
006052300008043060030618009800401706000300000000860502000006000080204010070039000
300087500700900000080500010167090400200706109003000670000100000500000201840632090
356049708007500000802160000185000200004800930000401806000600000028004005000010460
805009001030014000270000340712600000980001007456900080160800000320000090098300000
309040100200070003401003297000000078100004506527006010900010802700908000002400000
300060000410000000060020100100600020205040071004102930020500804906200700803019256
800700000701420000200000000410580260960000000008602014100967805004258300089000700
025060890007591023300800000008070500004080106500900070050702080002008004080059702
008000629010506000076000000034008002601974830589062174800000000000003097300007000
000600903206900514000300000000000100710405086000178009000543890003009000800760000
830000015490000008571003000713000020000030400000090000365010007207050093040370002
002010065100250000000003010005000600040179520028000090603401700201007306070638100
300000060100000000746053281010380476073609002500200090000030000039028000000500703
009000080082000003015080496000409020500602030200800671940020300003000060000000840
000000387000060000000800004020900013000020090030040200089500631053090720600008549
480700200670200800100908407000025600500619002001000005316090028800100090000500000
000400070400700203027000090010000930000000100060137000239680040850071000170000050
000904380080003050059708002006000400030602900208139500000006090000025806670000034
840035012532600000000408705090564020075003490000000003289000000703000060050700009
000080030320070980089000004001802300800007010400300620040200000203068050008900070
080000010060253090500901000900007002800010056406028000745000001600030070000100900
090020100053106000072958600610000500500000006924005700769000302041260000000000000
462001000090060010308904700200500680000006040546200000004000300023005074600003001
235000740070093800906700000060020010307400090002100074000070060740000900690300087
300000160607480020090316040800070000945001070000904000200040056000050200406000000
700240900809513706250076000007005060000067002600000000500302070100050200000091000
007000200480000500310002000540960030090004751720000600074590028009008065006020000
680000070000600009793580012108005000000401008000098107804100006526007000000000800
000037060351006000762514000030071200029368714000000000003780105200000600010000007
386007094509300001000500200064800020805201036273000040900000007032000059050000060
093000060000610000706400030860140000010025800000060000301206704000000300908000652
732000010400010382000050400680300000010090004053140700800000103000060800000001607
008005000000630000403200600600059203032064000804000009007000008016003900009540030
540020068008504310017006240300705009870000050009000030000032000100079020730050090
000005000035009010000307060300016850578000600019758000400001000900063004200004706
002100706370080000089000000025000613000702000890001200510020904003000800900008002
000000704003490018020010935362054000900030602000002300409000006086040000050009080
072000905906030410000000062790102080030640270000003041007000800000000024603004100
000004000000065003000000054000008000300000900569300010172000460934176080850000730
630705000280160790051042800078000052300800000002400300500304680006000273000000001
400050002100079300008210000340720069090045800057690200530000008680002000000004000
059020000070300000000000507900003046010247350340900810030008074780004905590002080
204615789000004003100000020402039610081400000000080900040008071000107390003026000
000001200000057080517002000600004005109800070075006020450000730000540002006103540
700020400003700650000005023000002040040060310350000900600010800520396170100000000
003000016280610705651700000100030200000007360800006000900000000300402500070301000
000000970850900000097000020000007046600840000043560182260000700000000000008650239
950000002208000400607003019500700000009000600000030280810096540060105020705020000
000050006005901020302000591600000000503400700007639000008500210256087903001040085
260400800500290613379080005008070009700000020005328070000010752000800004050063080
050170002000039000700000060000001409000098007590200010067810000000065190100920000
070000590400301080080090006040008905051209060069000800907500004008004009000903678
340012000010900004079000100052803000007000306403700281584000000030000000001000048
008006070200080000600030000000000903029040006000092801004805100013064580580070690
002057000800041002746003509400760050300100820000005000000510078169070230087000100
930000000045000038006804000007090006084057209259008300000000004590040873002700000
300000008080316700000008009570492036000003000036801900000004000020600095050189002
050600200000700040900842001790060832000000900800200007509108000080000005200300098
280017900013000006000063000008649000000000600600070040840036000107004865062108400
000980000000003090008010000007000060236000080109820400903108502000437010040000007
180063205000072104000050000006040021420000000310009040000000517509000002000028403
000650000100000009800910000025040073300020000400030000631408700004070906209005800
000000004009020603004030500001308206030000000000000001000080460815003972647502130
079000000082000070305000209200105004500030060910246500801050020000803001653710008
030700000400036250670200830104000700003185409082600305007060001040000902001007003
070200063003010045080075901207000010354007009000500004060700102000908607032001400
014090072000003010057401380600800100420900030100030900090000000080060701040180090
382000410540000000010400000000090050900054006820006300200061030050827601100940002
072000891004000503005009000006007000701020300000090700000004276400861030009070080
000104053050638000000009016680007020200093000700060000068000001000080040090706008
009300020400050000080002004000020060090600200600508019240096103900285600008413902
450000020020005000018090054070301000030000600005700031103008060204000005007020100
004007096350069000000283070800940000120035060000102000002090530095301000600050009
009700004000014000003080209004108030370490001060070002001607028002001000000009010
000000901100938060000000300806000750093000206042073100080709005679000032050300009
041003002009000000030600170960184305004000000083000714300000007018000203700036000
200064005008900004400708200020500048809340020000800000580619030032000010001003850
600792008405308000000400070000903002004027000008100709090084630006001090000609000
360279100724000090800000000100500080003004907400090020000000000948000001532010000
000050000300006100001000000009270006000830049850400021078020513000010900000500480
804005203710004590003210760000180040301002056000003000530020000129000005040309020
000504903300100640000230008600008007285010000700006000000000209007090084900040500
040603000801005000000804267000000040370042080020158900080000010196000304450020608
300800070000010500000539080000027090690450007017983050084206010035000062006000008
723004000000300000904020000005036920872400500000270100306500718000000009000769050
350070460040630200600210590061007809900000000000309000004080006006000050023006070
020000004035900080016540000000104600053290007700003020040009008680010009500002160
030100400104003900820050600000290030005001280013700506000400000002087001500020000
307004000000008147080710003034027500750009632908003004002895000090001400000200001
049060502025300040300050900000915704900008050154000000008023400001007625002000018
000050000000080105503204906000370084000090600070861090706508020908640350304000000
473180652001720803608045007800000009050097080000002500000250000300070106080460000
000000405050030000840000006030002798090360020500090100089040002310005009200000840
904508020576900003003070040002009134000010607100063000001640009005000002090200300
700000009053470006029086050500900032031500978900030010370605001000700000002048700
150060090000007500472003100704596801080001000001002070940000060007000200005070000
780130006530600080020570300165004000008301600340086000000865010806003000000010000
000000900607029050200050070005000090900845602100000705080004001300000040400537000
871030000000010000030900002109308040005602001020000650007000430000040000000823970
340001000250000009000095230600950783004000095000006421900500010010020074000000952
056428003003179500100000007805900070970000050360700000030860005090015042500094000
000009000000064008000800050000000900009108006064030070245083190807090504000005203
060170040140030670000490102803740006000300010000001430004007090006010820920000700
000400000210600034490000500300047028001000400700000090030192800170003000000000351
000080000000004020063721500200049003090862075001305200025030006900000800000090704
700000000080090060201000054005320000000000005009050000040500027920406080306702140
090020071400617800000080000004730902320008006100246307006900034000060000003050068
004000502006091430105430000040010020002370004000200300601920000420680000790040050
019804602600312040030009500040500097005201000000000000180090005290000000060020018
280400071043100200010082036500029003030000620004001700790200060062908000000003000
008091005600007010050600000039000706800050302000470000007000000084200060026000598
020400035004000981009005004047620508000004106250000000900200307702006009005900600
080070060000000000200309000034000005500600320062400700420000179050900830890003040
903060000000030100081070560000080430050009000300026900000603004700450320000207001
009610004007000918152049030016008000000076841030900002020700100900500003070060080
000000090109200030030071680700000000926003000010760009392007850074309006601000070
100800000609007000005230000000000090850960003900102806700023010516040900300500640
130900407700005080540008006000000000600080074003014900200003741080600593000001608
800000470016075009097000000309800710060004253240000098000007000980600327000000086
590310008040090003813607050380001090020070001000008040901000500400103780000904006
081003702003010000040090000200000600070005200034007519418209065000306800302001900
200300104900001080050086090001000806840000070369850421600000008005900063400600019
000090130000000029300200000007600910000942307006081040570026001800000402010008603
054201070000050000009700005765080920090007640008000753070008000040015007500072000
002000070500000000900035006004907010000200700700481090800026409490000027206000000
005020000800130090097040800700265018900000000051080076000091000000000180100008760
408032000250010000973000200690080020080460000005020000807300050130000800000600070
005049000031000090007000365024001703708030000006800000070003004603004809000096030
905300001000000000000000080080915040000067002001400007006184000000050008003279164
800092107790100000004006200070040005500307000000060090405038900000071000017904000
410500800390000000608000350900180507204090060051300000509800601000950038030000000
064820005825000349790043000000100900008936000600070030480090013000008090000000004
705408960009000800006391052014003007080210430500004000000837000300000675070009000
028001300036000000197843000070306020000100009060050000305064000700230000000905700
800009073012004058093000021070000004100300000004000807901073080000090730007806000
080900000036000085000000001010067002020859000760000400000718003873000009040090060
400809000000400078807000900080006307000000020075300009008700594000600002302940016
090000040040000970200009800400000007000405082050207004026070030900506008570801400
400693050320080046906504300103000009000008000000902183040001890500000702000700001
010090050009006100065000080820069500006045800004802000080620045040008300000400060
500400000000200000800037004060052070200703096001640002900165203005000018002300009
000176290080002000209458000801240500754610900300009740000360000000020000610790000
900832001043071000008000070096003004207006008450008700002164057500087002004000003
018036070605719080729000010100005020300000000000301008001093000062050007000127005
070090510000080400504307020000000100000806209600000045365001004080000060701000050
306020004400090507070010083003000090504830170109070300000180000007643800001000002
003604001000090806200803050000000005170000002040921703031506900502010000467039010
400608079000940000900207050100096080009080200803002000004000098200009000090004010
260084510390070000000006078000402785000109402040007000000005007009013056630700000
005000700090500008638900040003010462800700100020000800000096000400182007000007001
300007900070100326160030040003002000000008030657000200500000003006000480020086190
000001000980430100000000004090245001200810003000069000002698030008050907540023816
200050000056100307008900046090000000000000005540009168010700200000020014827403609
590006200000074600607093010100940078209005000003080529300100000010060000760420003
702198004040035000050040900510020000800560741004017000183000090000300280000000603
408023590590040000100050000716400020900030700830270910200090050000000800309000000
008720091000051000230000800002460000960135780000970000070090206006510040010200070
030000006000000040400050017000903000982014030000000490000500004523847160640002008
400050000000073000903400016060305029000260408092000105005000341130004687000100000
400100000600000004001500028100300000700001053005026471067010392010032840040700005
000005008600200570095100000000000703500700009970080200106000004307000652000560007
700891362021030500090205100000006000000000706006000803460008007800302600010609400
496357800072000036100926000010030060600010000004070000785060100300001200201090600
600050008090000560000608023000030052046205107050040036000079041004020605020500000
003000970962537108070900000000000830708005600006180004390000086420800300600400000
903000000060038090007290008500000903600900007109720580042009005000002039000501072
069400010807100063510000080000004020600502400000010000000241075000030048451687302
040090600269714300000020000014973002000000003030000000476832010900000030320040870
028500431601408090000900800060803100000700020000040050402000000836009500095304216
023684700700100800008005301000060500501907030900050070879510020000708050200400100
032000005001082704040015600000008100520190480000403000000230900000040300083650247
000300410080060530403098267006000100070000902000701850000080701100007090000915604
000914028000800603004700500008625900000009000000100000200436000085091000063008000
090000000067495030010860005004036509000000003036050100000010457001084300049070618
004057068000003094706000150050000000103000900200000005000005609502300481000000027
040700000080610070070854003800100020092380040107400896050000400603000582409060000
001020750000400013000016040000030000500104370800097500000300200003008090289060030
000400800000020103820130097000207010040500039065043008702601040010000080008300001
601000009502901000004006070200090000750168020009005003430010002027009805000002310
643000015200005000000200307500001009104803002092504800000000003015340000006000074
008004600510006403607030901800610009302059000090000036003000790000007040475900300
000600400004070006000000702500807124018000653060003000001006579300708000200510000
459010003000430900000080010000140789390000000100600054040800000681002007005060000
000006207003000040000720000300008720289003000000102900058000073017000000630040519
069020000020000037750030200547006380000205061010087549100800005000010008000900000
006000000000806520320004076040000380601300700000008001079000200810062030003000005
040010002000302870000400190090286400000000059001040000000600541180500200000001986
001008000080204000630007000008025473750603000300801609047309061000000900000002000
900200000020300001530010042070002000600001230000760180000695004760000000000407620
600070000030060200050030080063500940500627810800003076000009750070018300009006000
009452600050000230000037004000390800038006000000000000100089350890500067060070109
000050193100300000007900254080000700001805000000009081813000002500001008904280510
070090020000002000590000007061080095905041200007005004800350000700410080310007009
400560800308040600602300940000000000080103400000070090507400080840709000001805000
903400210000003070046000005800070002000204700127300600462080103008040907700000020
050094800900050400467000000082430007001865300005201000809000000106007200000028030
420030080097000460100050000902000301031200074058000000504302900000069000270001008
001080003000035040000012000089001060203000180016029004102090000007058010800004072
000004230060900800070000090000305080950070360700619002000450008100800620007026050
207050060001260080006700000370000900050940001009500006005001390020000040800000025
700030809004007060803200001030072000600001703400050016306020100000000937000305000
080005204010006080200400605950003040007000006004950000078520039340069000000030168
005003000002890000400027000001936050050000906020008000208760000100000000530182600
805900201100070369070023800300001000004600090781200054500300000008750000020406500
050020001100500006020910578009000052500000000000070000302006000867050000005234067
002000000308020000169740800000007006400060085000004927200080370090300218000200000
050009003030010002190503840740038000061000300009462001900001008023900410800300000
209830000000061000000500762086059001000000003003670080605923108801005020000106300
103796040004000063090800000000010000419080700860930205000000657000009004000060029
050000000086500009942170835000800362000069500000030090005007900000315600000090700
965700100080034902300006500001900087000000090000060014008350420004628030003400806
089046000506070000420005009718060004203100007000003020075090080960408003800030000
000908000006701002910050037400000028620079004000040100840160000050004009200500401
000000760609000504710400900000674280206090475800000006060040300000009002000003800
089100750070903021302807000250000000000000500890071000000649005900005060460010908
007384005050010300000090047924651003001040000360000904040060000002030000009020000
903000007000050309500904000435000070000803005000000002160500290052008000049306001
500070030076180000000040086700001960000760000200030007850604170000007608027000005
008021050009000800000807030500039000001502007090100000803004206000203045014070003
000000060205060004001090003050740026023009410000000905500430000907026300040070051
013058700608100000200603001806790030000800000030000006000507698580060310002301400
000200003509630207430007005005006070020040190000000000081063000700890602300070001
001407509640925300500000040283094057004012060000000092002806035070050000900000000
002000000701408092360290047073040009000050020005010006100009200500020030200370905
300900010010457000708000002935000000000000001070039000027000809003098175009506030
089004020017320980204000000400080600870000109060093005906038051041000300300900000
006043000007082030354100208203401009000000800000809005002074180708300900009010000
023008004007000863846903000030040080002309071170006000200705000000001000301860700
000835004000471090734090051400600000005900602200584037040002070097308060000000000
000060207000043000380507000034072801200000300800300002106038004070004163400000020
001740200390000540000009160004090070070100009009075001080016030900000800013084050
307000608500008000004560300000030010100800540009100830903001720060000009008029000
920005013060000090010089002093000000001008000080930004002196000000004300406803900
280903057060050002005620400650004001003780006802300500000106020001009700000030004
270056340016400800340090062000008006060000087000001034050680703800070001600003450
000409003000300090030076421090600150005900078006000000201094005000153802400208007
038400009000360000000580100000000900103790500009050307940200030305000092800003700
028093006703045000001286030002050004400609800000402301006020007810060000007030000
000000700760058094040170002850007000000002465030009207970800040020001000380760921
300200090200000500865004007020080000000620009900070000790500208180000070500817900
009000308028504907000009002080003000157002039000700280800000700000305000001040003
800040063460000100050100004900003050040905008036081490678000001090000205100894000
040003102050400000280050000700801023034500006002304070078210900000905008009038200
000000040802000005003050008270938500036000801400607200000020017510704002320000406
200000800853000004004028073700800040001074020340005007009050706030000402070003180
508000000403150000000030045630010970000005130000300004042093517050000402791004000
210800070405002039790046201061400002800030006300001008000308907900210800000000043
500060901000000060070009803004501200002087004805000100000270605000800300600100708
095806024032000000007000061009080753720100000350947600000000149000000230060234080
000000900070000801530901200005830600008090500103620000000000108019000070007219050
097403605003850000008071009900007400000904001530060000600040890300000102049010350
020000397100500000800473210091004000300000070675000429082036954000000000400000860
000000000000060030050390106010054090642070005000630040000910003001043008400582070
239000458006000100800045003160359000300680005004200006010030000000000064045000031
000602009070904000016053400000000060003780104067425098048169005009000800700008040
607942800090005000250003600024090087800000000175804000080000050006208003000350008
600400301930182506080000020400078065568000003702060000000000000000001007371640852
000490005000000008020807030003050000005020004000000307000003006098170020367205140
020070145510462000490010200205630000030200400006054301000000680000140590000890000
370002900000000000405198003083050690090800050750600430060000040500006001140280070
900508360000040000000000590170600200680100400032085600260010000090827100010050020
000000020000900000450020309349002050076000930081790640615040083000376000700008000
876204359000000080090000162400000000562008031000000000905600008620405010000729540
000029070000001509019057800400000000000790200070005380561000008200004600048003012
000003000405000600000456020050200086340060210280710004000071400001005070730080160
000690341010420697900010085004001036800960000000080000400000002100000403532000008
009005020000470090001908000045030600000650040106004000010807060800100750000000401
320600004401308000659240370100004900002019503905803207006005000000070000000106030
014205000200000070080010005041080037068500020000036510000000400090154002000608000
300010090700084065040300078130509004072143600604070001007000043050030200460000000
008401506603000102210380047700003010400007603000000070300290008800030060000060004
629008503853000900700000060130007200000902000000601008200360000065109420040705306
026008003000002040380001006000207000040380000850900007004103860200806000060709002
218000090030600800060080370004210060020000948000064021371000600905000080000000030
041306987000080000038240501000520010100600008004000000400170003502030090080900154
790264810600000000134097005400000000000058300583700002857000006900405008040609001
503860090026970001090023654080000000000300000001000060100208906230000040000540003
910028000268300010007004062800069007009800005071400000000000080000250430402906501
040280000000000650300040072034000000060400705070029460000090540790000123406003900
500783090300020008020009000053000000016004003402030001094005060000060400007900300
006000830009000714040000000100000472004008060030100000060000080010700620290050143
070005049300026105060400020800040063003807010000200958000000800009102570000950000
000060003370900400004100927502710384080000000000800500005020738000001205000008691
267000000830075001054006020070100053001300000048000000403002590700010004085403100
060000840040300109000100060050004602782000005006205008320001006010000004004050021
700005610008160040000000000300900080510000000000230560102003400000540000495610837
002780005803040070097103002049000000720900008600020000080000010376000800010030060
000650020706900100000100760300076050960010430400089200000060004043001070200500681
907001820004300900001500407000906000060800209049050600002140006010039748403007000
040308610608007300300216008980000000701000500000025109000080036802060700530170800
420090000000720400659031020001300000703004219590010370800000000100900500900147002
046010000087000600000206000004060392009000000073090800390600000700000531050007069
040002506000000309000001042008693150000200000006007030000000070007300401002574800
010049800603020075400000000009460180260813090000052034000000010020000006000000200
000732100004018095007900000013000600002005300906400020705326900090007502000001006
091304207004709100600002000209405730378006001405807690006001070050000019000000000
630051400000006050500030021705004000000007500000009006000093065000600280450082709
190007600600910008000603100240030500810400000030001400061050274000100063320760000
060700430000050010300040027900000064000671200076400001750900002000007193009204570
004150823800000765005008041160000079503061280200900000080600000000007000006430090
004091000030607000100042006856000000021954700400068030010405029009800000700000000
901005030026407519073600004600379102092000400000200053407000200000002000200900000
240005600600800900800090120160000083300008260928640005400500801516080300000001000
520380000010607805003000260230056790497000000605070003060040000100002476309000000
362000189070010040409800000007430000054000830930000070005060010000048000746190000
000000608584702103003098000005807030106300004030000710000003007300200009607000001
030000540019540003452300010970000208301800090584902000000010300095700000003400900
000068007108000004600012080800030026965004318301009000000000000009206003700001000
000002070470000006006170094090004620048029000201030907600357480000000062004096000
000083000008107090063002000930000000047000956612054008000005000029000030086400000
900005107050920000006000000670000850080156040310740209000572306160080000530009008
000000000004007000768003050200009000053071400410508003000000002920786300000300907
000300070704052300003000001600000800178009640000608000050030968096280000000906205
800009000009007000123008900080005410000000030900800050658002341090316528000000706
009005000003000002000804090100000000805412936002000000000006510200703069040981000
004300000500078090000005000900020075375691024080703000000002050000069047059007136
000854090290070000400002107040000701060000000301240000000400000004765012700390000
009000200042017360010003000704080500000000036000701000056109074003020009080574020
501900000300700190007001000090070003000000800003000640810347500000060901765109000
080520000002304000000600400800060940200900000390005000400030006010200370020407091
000005034000714009080000007003408020504100806618000000000000062000032000842070000
927500080560093070134700502003076005200800000000042000000000800609300057352000000
000900076071208004804000002006025000400300001019080200007000160000653020000701000
007900004000020009029400000610800705000000248700235000980500403031000002200000090
314802700870000030000070082037000500005407360006090070700006051500009040061780000
680020001071863004000000600060089012902000005010000900100608200000000040006200130
290060040100243860306590070000479000030051000650382000480000000000000908900805024
036100000090000000001006057000001830300060510000835074075680020000310400000050700
100020070500000800708005006090000260670209000300008000060082300051473000000960500
509000200300090040012407000030000610956010020000836090070009400000070058001043900
751020830406080005000000400047802306028000000000300100000037090080915724079040500
700201896003064070620009413300000060000010040410093500200000900075000600030900004
508000010200518907070903528020000001000029680080470200006201079007000000000007035
502400300913000846007000002600000100000030075000671009050008000090200060000090450
010900850500008000000140203000300900051000702049007006100079068007050030495030020
100804005000013098000090143401007302300400017000050469010008050200000000064720030
060000400050800600820506000010000903480090067092307145900200030506700004200600001
020600000000020501680007000100000000800100427300040098200471006517060380040300002
000072510302000907010396400006047000075000600000000738700500000900004000400009206
000400000714000506500060000105600023003002050000000060050200600000536198900700005
072090405603540079900761030010005020000008500705020018000000004007004000000009700
108027950000100036400008020000000243000032600010000000820000300960573000300006100
008700190007090000014608370500904800000020050000500000005089207490007600080065034
524000300879006050006700000600300480057400090300060200083194000400027000900053700
790825000000043007302107084500400702000700060400009800003902100008000906900560000
000000067905000400620000139007300008090085010300204900000006050001943026036100004
900018600030000085206030014040000169070040008102000047620000000018060702405000030
000400963096380200000961058700038009000040030410790080105000400040000025000004870
000090051080031090010000084100024035000000100308005600079040510000000002050107003
400708500009010000180000009010840902608500100000001700000130040000020050056400001
007080159029005000160090000000902000602000591058000000301674900006023010000009300
050000700000150090900004050100006400400005960605439100000020009009640000006900240
290100600001560040000020700900054000056080300013200005000000061189600000007005000
160000050000700300070050200690285100010070000300000920821507400049603071036000090
000290100008000000000860020007400500940000000632087091094156000580902716200300000
000040000090023070000605000183760405060500000009000607876000900240000000930006250
087000000004070028093000500008400053070050004506007210709065402820004000001200070
040050010050000000007800000000080200006072093020060000460905001010600042075018906
024005708300100000081902004510007000000060080008350076062000800100590000000720140
020160003076000520010020080080600950600250830590000102008000000400081009700000218
900058600500700048730602500410006000000004100025097804100000400000080700804270960
200060801030000000908000000093074100084600000600100000020006400000050390357940200
870900000492600187500000090000000008900000006030800000107009003354070000089350000
010600008000050017069020004000076800780000040005083972073960000050000109006008000
064973000700480361283000000000006500501008006000057009009000010000015900010009005
001000603080130274003000500060000025090305007005900001007600040014008300000500080
900500700000000000400802590260400980005238400000950010000604000049100670306005149
020057001157000060000600700400820170000700000078160540002000036080070204600340050
901050204000907000000000395207138000600040087840070100060590000009010862002000000
050008629010205403000000180000050040000701850006004010730090000905000200000000790
170806000600097000000000796000903071900050384000401920000510060020009038000000100
020059068190800030584300000009500200008400000053008040001680020600030000000712600
010905004400001003500048000203080000000030240674102080830009002100003000009006130
305284071400100000000009000241005000008300000036000080750000830690030007800000090
000000002000210000098470030000789500009640370007000800740000000103064000005007483
060078000085000000123504780896000004000620900002809007009403170001200003230090000
000800040874300020000246738600000400000421356040700000057900000000002000906100085
700030000903050000148006005070005000000600370006200059800000001600003020020001463
080050790700091002000070040002080070640000900009500024057849016000005400004300507
070006900034908020900000001000001430010897260800300009020700004045002096080465010
000000060503009247002354910000007001300400002814005796000000170000016024200003605
000300060509800020036205000000400009908037002000901400063500000405000600297040005
300100805000085000000647000050708213020500080080291006000050000000800400040910630
000009208230087050089000007690103804043000005702008600000800006060000400000304089
700090543915000708060050201000000087002030004040000630237500000006209075000010820
043700980500000310090003527400076039000000000800024600904010000320467090000090240
800713006053008740070604080900000000008000000706000059000801400180500630060030100
008500600140000098000098500010005080074186050800030010007050000501069200600000805
340000010002100093009005000007923000968001040003604070000500009000019000000030204
000050210870009400090600000208015900000200805307000102000001094906002000083007001
000060500000010600600900000063080000000009200000056034140500060306890005200671400
003160700700054000086790050070389000000271000019546000800915000190400086030000900
160980574537402000400071002000005008800200493000034000070100006004008900008006050
000340008830207041005080060280000957000000000010593480008430600006008070002750009
040002790000037008000800000900000000120570006037080000003600007408001000759048610
092000030004352896060090000020800015013005000950060000280503000500027083700080000
609400005000000004145700390390170058000305069020006000400003500060000007000207630
300100070200000804509734000700801000800000007012079658007008360000207900620503001
000805006087040215003002070100483007040900051000056894000060089208500700009000000
001600078069108000000900060204090000905780023603005740052470000000001002000002007
008005010050000203630872490106043000000090000500701906900000021015600000402000000
007409216060010083000000070010903604900741000000080090600000800000264051000078060
000000400080000950030091000001000090000579160090018025003207809009083540200904600
039020000000049300080150000000000140000570903003060000092085400340297050860004209
590000800000300001200500397000007059105000200489000070800000012010400605600090003
060030000000000406900000000045270009000908010700016302097601000004300560003050020
103005000602000000007164302021309500000400000000012090000021004030040109200003605
009450006053070090482900005000200607000010003001000000010090040524080760090004000
860190000001030008200000300030710402005000700007506013900001037002970805006280100
030600000790040008005239001910850640000000500500010809000700090008090000009120080
900003008002000069000009320006300007074010000803790004000400100010907086000001030
109243000803006000760801040008010000007080015010030070300000058005000000000325004
700690301000800009019375006000000000004008700002400000900200804005740200400006017
080740090064009200090006080031498000740300020809070030008500902020060000903000500
000002060006000007032004000008906400000001089900208670321000740500800002040020506
200190006600000700000000080820000610003060000716208000000000100162980300478010060
070000006306800049108000003800201030200600004609700000003078020005130460700060008
207000903068090000050200000000000000002400000580327000875900100020040098094506027
002108507800005020000000108086030000000000900409000863048203006020007000957000382
070800000006705090803000270700500049005084710000670000030006920001008000980050461
000200000270890000008301004020000068405763200003980400190000540840500010300010600
700014000134075002000690001000001230340050080000020049000000090200540803510900020
000700908000400510005080237081096000400008300000500860034010600000000100020054780
029608540045003100603000000534700008008000000290050004062007000080020405357014000
400000200000000060068402501070024000800065047600970000006540000080700012130000050
000004721300067400000819306070100090135008000098006503000000070003001000510002900
005040870027000069810070000050193207100007005000254608006000790701020050004700000
003010080800095300900020007000000000004000829712080403000058106009040570105000000
003008000508407001642000000065000000087520003300004060034002900856970004000800730
630000958000006003020308100000000300165030090073000200040005039089600070001083000
002380040006009081005102000600054070000003020000000050001930062003000598807000000
008002147020000000057608003260000000003090010010200408105380792300009000896000004
000005006760920004004607000200080615008070000000501007000802001902003000085000002
005040090008000010006080004004003807083500002061008500040200081050000603100060400
000403710005090460109807305000075000067080003200000800600020030090008207000000000
000500003208040050403200080000004005805700002316020740000000030700063090000902000
100000060000097030063008002000036040004080603300041800601072000005000280902004070
030540901005000030401000000709000120200001000100000009008405002502038600000206008
300916000500000006167045800402600905981500672000020000600400008000002049004090500
000801093000005020039000500060100400078004100040008965056000071082710000007500240
000200000000007800020003005640182750000056008000000000060018004002004000413025987
690400700720009001005000096009600003240000070500297048000900000000840910050001000
060000501941007008000000004000720040026140005070800000000008053004012007089003002
500031420007502000206090007060200000000810000895003000703920800610300092000080003
000610435070030008003000007700540800620008100008000740000900000002000581300020690
070020000100000809340000000800004310634000000017830040086090003051048000003000100
000000000600200350340000680000926417010000900206140805080000000060012000950408170
010800670500000400080700120000080060008104709300900000400270050750400000023060000
097000300000090085005600070001037609000009030036002040053900000170308056408001003
020905001000170205010002700000700000472300000539000007096000000301096572050400060
000400000002000500406002000061084002734620085000500030007800953000090017903700400
086703104030000097917000000000009073040000500090030080600378001070040000000001700
000900706073080004000673800002038940000009060097000203006100050918305002305800000
083106020950008000620309840000000050508200090370005402210607904000000180090400005
102007806045016239300000105004080020071360400003000900009070000030001600008023000
000070000000108700071020600005000006100947000000000347407800069900201800082000050
000100040004000060692008010050417600000900001800020700000051938080700006000800070
500670003000500407200400000040000002307050080800000740050300079012090508700080604
080395001060000039032107005003000050597200080200503900000700304421000000300008100
000000601590067002000842009180204763000000050000000008060000805002596017900001030
900000100000070290600200000502036001009012000030400725005108069000000078864957310
308100607409003200000098430940001000000049073800000024120087069000012000004960000
000000020200000060300020000010800037000007800802035140704080650105700000008100073
710080690432900710000040503061500000007000100000021007000703080500490071600200409
000517000040030060000040910009000007076003480480976001900000302000090106763000090
100000000503400806000000300020300000370201608400768000030000000001006702750104003
030017050089000070400569380300700000004006000760100200003600000607030800912458703
000003541000700030031004609000092007000000905012500486300600108100049760096010004
000706209090021467000800503640010000300007000901000600703000196000100358019005020
710030450020400001300005809000060134501000280000800790009000010080100003100002007
